
I1,31/08/2025,17:30,Genoa,Juventus,0,1,A,0,0,D,10,13,1,3,14,15,3,4,1,2,0,0,4.5,3.4,1.85,4.5,3.3,1.9,4.25,3.5,1.87,4.4,3.3,1.83,4.4,3.3,1.87,4.4,3.3,1.85,4.4,3.3,1.85,4.51,3.48,1.9,4.5,3.5,1.91,4.38,3.36,1.86,5,3.45,1.92,2.3,1.62,2.41,1.62,2.33,1.62,2.28,1.59,2.5,1.65,0.5,2,1.85,2,1.91,2,1.86,1.92,1.83,2.06,1.92,5.25,3.2,1.83,5,3.2,1.83,5.3,3.15,1.83,4.8,3.2,1.85,4.8,3.2,1.87,4.8,3.2,1.85,4.8,3.2,1.85,5.09,3.39,1.85,5.3,3.33,1.87,4.99,3.18,1.84,5.6,3.4,1.88,2.75,1.44,2.64,1.52,2.75,1.53,2.57,1.48,2.74,1.56,0.5,2.03,1.83,2.07,1.87,2.03,1.85,1.95,1.81,2.12,1.87
I1,31/08/2025,17:30,Torino,Fiorentina,0,0,D,0,0,D,7,16,4,4,21,13,7,3,2,2,0,0,3.2,3.1,2.4,3.2,3.1,2.38,3.15,3.25,2.32,3.1,3.13,2.3,3.1,3.2,2.4,3.1,3.2,2.4,3.1,3.1,2.37,3.21,3.16,2.47,3.2,3.25,2.41,3.13,3.15,2.36,3.4,3.2,2.48,2.3,1.62,2.42,1.61,2.3,1.62,2.24,1.6,2.5,1.64,0.25,1.8,2.05,1.82,2.11,1.83,2.05,1.79,1.9,1.87,2.09,3.2,3,2.4,3.1,3.1,2.4,3.35,3.1,2.33,3.13,3.1,2.4,3.1,3,2.45,3.2,3,2.45,3.1,3,2.45,3.53,3.12,2.36,3.35,3.1,2.46,3.2,3.05,2.39,3.55,3.05,2.52,2.2,1.67,2.29,1.68,2.33,1.67,2.22,1.62,2.36,1.71,0.25,1.83,2.03,1.92,2,1.84,2.06,1.8,1.9,1.89,2.11
I1,31/08/2025,19:45,Inter,Udinese,1,2,A,1,2,A,16,10,4,5,17,5,13,2,1,3,0,0,1.3,5.25,9.5,1.3,5.5,10,1.32,5.3,9,1.29,5.25,9.5,1.32,5.5,9.25,1.33,5.5,9,1.3,5.25,9,1.32,5.63,9.47,1.33,5.5,10,1.31,5.31,9.22,1.33,5.8,11,1.62,2.3,1.65,2.34,1.63,2.3,1.61,2.24,1.68,2.38,-1.5,1.93,1.93,1.95,1.95,1.94,1.93,1.9,1.86,1.96,1.95,1.24,6,10,1.25,6,12,1.28,5.75,10.5,1.25,5.75,11.5,1.28,5.75,10,1.28,5.75,10,1.28,5.5,10,1.28,5.85,11.34,1.3,6,12,1.27,5.73,10.31,1.31,6.2,13,1.53,2.5,1.56,2.49,1.6,2.5,1.56,2.36,1.63,2.56,-1.5,1.78,2.03,1.81,2.08,1.83,2.03,1.77,1.99,1.85,2.13
I1,31/08/2025,19:45,Lazio,Verona,4,0,H,3,0,H,22,12,6,4,8,19,8,1,0,0,0,0,1.48,4.33,7,1.44,4.2,7.5,1.44,4.75,6.75,1.44,4.2,7,1.46,4.4,7,1.48,4.4,7,1.44,4.4,7,1.48,4.47,7.12,1.48,4.75,7.5,1.45,4.41,6.9,1.5,4.6,8,1.93,1.93,1.94,1.94,1.93,1.97,1.84,1.91,1.94,2,-1.25,2.05,1.75,2.12,1.78,2.05,1.79,1.97,1.76,2.1,1.83,1.52,3.9,6.5,1.57,3.75,6.5,1.55,4,6.25,1.53,3.9,6.5,1.57,3.9,6.25,1.57,3.9,6,1.57,3.8,6,1.6,3.84,6.84,1.6,4,6.5,1.55,3.88,6.31,1.62,4,7,2.1,1.73,2.18,1.74,2.2,1.75,2.1,1.7,2.2,1.79,-1,2.03,1.83,2.07,1.86,2.03,1.86,1.96,1.81,2.09,1.9
I1,13/09/2025,14:00,Cagliari,Parma,2,0,H,1,0,H,12,17,5,5,15,18,4,5,3,1,0,0,2.15,3.2,3.6,2.2,3.2,3.5,2.16,3.25,3.5,2.15,3.25,3.5,2.15,3.2,3.5,2.15,3.2,3.5,2.15,3.2,3.5,2.2,3.24,3.7,2.25,3.3,3.6,2.17,3.21,3.49,2.24,3.25,3.95,2.2,1.67,2.32,1.66,2.25,1.67,2.21,1.63,2.32,1.69,-0.25,1.85,2,1.88,2.03,1.92,2,1.83,1.94,1.89,2.09,2.2,3.1,3.5,2.3,3.2,3.25,2.25,3.2,3.45,2.25,3.1,3.4,2.25,3.1,3.3,2.3,3.1,3.4,2.25,3.1,3.4,2.3,3.14,3.58,2.3,3.2,3.6,2.26,3.11,3.39,2.42,3.15,3.7,2.1,1.73,2.34,1.64,2.25,1.73,2.14,1.67,2.36,1.71,-0.25,1.95,1.9,1.95,1.95,1.95,1.91,1.9,1.88,2.03,1.96
I1,13/09/2025,17:00,Juventus,Inter,4,3,H,2,1,H,12,18,4,4,14,10,5,9,2,1,0,0,2.75,3,2.75,2.63,3.1,2.8,2.75,3.1,2.8,2.8,2.9,2.8,2.7,3,2.75,2.75,3,2.75,2.7,3,2.75,2.84,3.07,2.82,2.83,3.35,2.85,2.72,3.03,2.77,2.98,3.1,2.86,2.2,1.67,2.26,1.69,2.25,1.67,2.2,1.63,2.28,1.76,0,1.93,1.93,1.96,1.94,1.93,1.98,1.83,1.91,2.02,1.94,2.7,2.88,2.8,2.63,3.1,2.8,2.85,3,2.7,2.7,3,2.8,2.75,3,2.8,2.75,3,2.75,2.75,3,2.75,2.85,3.03,2.88,2.88,3.1,2.85,2.75,2.99,2.75,2.86,3.1,3,2.3,1.62,2.32,1.68,2.3,1.67,2.21,1.64,2.34,1.74,0,1.9,1.95,1.95,1.97,1.93,1.98,1.84,1.91,1.96,2.02
I1,13/09/2025,19:45,Fiorentina,Napoli,1,3,A,0,2,A,19,14,3,9,14,14,8,5,0,0,0,0,3.5,3.1,2.25,3.5,3.1,2.25,3.45,3.2,2.2,3.4,3.13,2.25,3.4,3.1,2.25,3.4,3.1,2.25,3.4,3.1,2.2,3.56,3.17,2.29,3.65,3.45,2.3,3.43,3.14,2.22,3.75,3.2,2.32,2.38,1.57,2.48,1.58,2.4,1.75,2.32,1.57,2.54,1.63,0.25,1.93,1.93,1.95,1.95,2.07,1.93,1.91,1.82,2.02,1.96,4.33,3.2,1.95,4,3.3,2,4.2,3.25,1.97,3.9,3.4,1.95,3.9,3.2,2.05,3.9,3.2,2.05,3.9,3.2,2.05,4.42,3.21,2.03,4.33,3.4,2.05,4.03,3.26,1.99,4.4,3.3,2.1,2.2,1.67,2.47,1.58,2.3,1.67,2.21,1.63,2.34,1.73,0.5,1.88,1.98,1.88,2.04,1.88,2.01,1.82,1.95,1.9,2.09
I1,14/09/2025,11:30,Roma,Torino,0,1,A,0,0,D,22,8,5,4,11,17,7,4,2,3,0,0,1.5,4.1,7,1.5,4,7,1.5,4.2,6.75,1.5,4,6.5,1.52,4.1,6.5,1.53,4,6.5,1.53,4,6.5,1.52,4.24,6.88,1.53,4.2,7,1.51,4.08,6.65,1.56,4.3,7.6,2.05,1.8,2.07,1.81,2.05,1.8,1.99,1.77,2.08,1.86,-1,1.88,1.98,1.92,1.99,1.88,1.98,1.84,1.94,1.96,2,1.53,4.1,6.5,1.5,4,7,1.5,4.2,6.75,1.5,4.1,6.5,1.51,4.1,6.75,1.5,4,6.5,1.5,4,6.5,1.51,4.2,7.6,1.55,4.2,7.5,1.51,4.06,6.58,1.56,4.2,8.2,2.1,1.73,2.01,1.9,2.1,1.83,1.97,1.8,2.12,1.87,-1,1.93,1.93,1.88,2.05,1.93,2,1.87,1.92,1.95,2.04
I1,14/09/2025,14:00,Atalanta,Lecce,4,1,H,1,0,H,19,12,8,3,12,7,8,2,0,0,0,0,1.4,4.5,8.5,1.4,4.6,8,1.4,4.5,8.5,1.36,4.6,8,1.41,4.75,7.75,1.4,4.6,7.5,1.4,4.6,7.5,1.41,5.07,7.5,1.45,4.8,8.5,1.4,4.56,7.85,1.44,5,8.8,1.8,2,1.81,2.06,1.8,2.14,1.75,2.02,1.86,2.12,-1.25,1.9,1.95,1.94,1.96,1.97,1.95,1.88,1.9,1.95,1.97,1.4,4.5,8.5,1.4,4.6,8.5,1.36,4.75,9.5,1.36,4.8,8.5,1.38,4.75,8.5,1.4,4.8,8.5,1.36,4.6,8.5,1.39,4.8,9.18,1.42,4.8,9.5,1.38,4.67,8.63,1.41,5,10,1.8,2,1.85,2.07,1.84,2.06,1.77,2.01,1.87,2.12,-1.25,1.88,1.98,1.88,2.05,1.93,2.02,1.82,1.96,1.92,2.06
I1,14/09/2025,14:00,Pisa,Udinese,0,1,A,0,1,A,12,13,2,3,13,15,8,6,1,2,0,0,2.75,3.1,2.75,2.75,3.1,2.75,2.88,3.1,2.63,2.7,3.1,2.63,2.8,3.1,2.6,2.8,3.1,2.6,2.8,3.1,2.6,2.85,3.11,2.77,2.95,3.2,2.75,2.78,3.08,2.64,2.96,3.1,2.88,2.3,1.62,2.39,1.63,2.35,1.62,2.28,1.59,2.48,1.63,0,1.93,1.93,1.98,1.93,2.02,1.93,1.95,1.8,2,1.97,2.88,3,2.7,2.88,3,2.63,2.85,3,2.75,2.8,3.1,2.6,2.85,2.95,2.7,2.8,3,2.7,2.8,2.9,2.7,3.02,3,2.76,2.95,3.1,2.75,2.84,2.98,2.69,3.05,3.05,2.82,2.5,1.53,2.51,1.56,2.5,1.58,2.43,1.53,2.58,1.61,0,2,1.85,2.06,1.88,2.02,1.86,1.96,1.79,2.08,1.91
I1,14/09/2025,17:00,Sassuolo,Lazio,1,0,H,0,0,D,10,13,3,3,15,11,3,7,6,3,0,0,3.5,3.6,2.05,3.6,3.5,2.05,3.55,3.5,2.06,3.5,3.5,2,3.5,3.5,2.05,3.5,3.5,2.05,3.5,3.4,2.05,3.69,3.5,2.1,3.66,3.6,2.12,3.49,3.49,2.04,3.9,3.6,2.14,1.9,1.95,1.94,1.94,1.91,2.02,1.84,1.92,1.96,1.98,0.5,1.8,2.05,1.82,2.11,1.8,2.1,1.76,2.01,1.87,2.14,4.2,3.4,1.9,3.75,3.5,1.91,4.1,3.6,1.88,4,3.5,1.91,4,3.5,1.93,4,3.5,1.91,4,3.4,1.91,3.94,3.45,2.06,4.33,3.6,1.95,4.06,3.49,1.9,4.5,3.6,1.97,2.03,1.83,1.98,1.93,2.03,1.93,1.92,1.85,2.02,1.96,0.5,1.93,1.93,1.86,2.07,1.95,1.93,1.9,1.87,2.02,1.97
I1,14/09/2025,19:45,Milan,Bologna,1,0,H,0,0,D,14,5,3,0,17,16,7,4,3,2,0,0,1.91,3.4,4.2,1.9,3.5,4.2,1.9,3.5,4.2,1.87,3.5,3.9,1.93,3.5,3.9,1.91,3.5,3.9,1.91,3.5,3.9,1.91,3.52,4.42,1.93,3.7,4.33,1.89,3.48,4.04,1.94,3.6,4.6,2,1.85,2,1.88,2,1.91,1.91,1.84,2.06,1.86,-0.5,1.93,1.93,1.92,1.99,1.93,1.95,1.87,1.9,1.94,2.05,1.75,3.6,4.8,1.83,3.5,4.5,1.77,3.5,4.9,1.75,3.6,4.75,1.78,3.5,4.6,1.8,3.5,4.6,1.8,3.5,4.6,1.86,3.53,4.78,1.83,3.65,5,1.77,3.53,4.73,1.83,3.7,5.3,2.1,1.73,2.11,1.79,2.1,1.79,2.02,1.76,2.18,1.84,-0.75,2.03,1.83,2.14,1.79,2.03,1.85,1.98,1.81,2.09,1.9
I1,15/09/2025,17:30,Verona,Cremonese,0,0,D,0,0,D,20,6,9,2,18,3,10,1,2,1,0,0,2.38,3.1,3.2,2.38,3.1,3.2,2.32,3.15,3.3,2.38,3.13,3,2.3,3.2,3.25,2.3,3.2,3.25,2.3,3.1,3.2,2.48,3.13,3.23,2.4,3.3,3.3,2.34,3.13,3.16,2.58,3.15,3.3,2.3,1.62,2.41,1.61,2.3,1.78,2.24,1.61,2.42,1.67,-0.25,2.05,1.8,2.11,1.82,2.05,1.85,1.97,1.79,2.17,1.82,2.6,3,3,2.63,3.1,2.88,2.75,3,2.85,2.63,3,2.9,2.65,2.95,2.9,2.62,3,2.9,2.62,2.9,2.9,3.01,3.03,2.74,2.75,3.1,3,2.66,2.97,2.88,2.86,3,3.1,2.3,1.62,2.53,1.55,2.4,1.62,2.34,1.57,2.56,1.63,0,1.8,2.05,2.06,1.87,1.85,2.05,1.79,1.98,1.9,2.08
I1,15/09/2025,19:45,Como,Genoa,1,1,D,1,0,H,13,13,4,6,13,17,0,8,2,2,1,0,1.62,3.75,6,1.67,3.6,5.5,1.66,3.8,5.4,1.62,3.6,5.5,1.65,3.7,5.75,1.65,3.7,5.75,1.65,3.7,5.5,1.67,3.75,5.86,1.7,3.8,6,1.64,3.68,5.5,1.71,3.8,6.2,2.1,1.73,2.19,1.73,2.15,1.79,2.08,1.71,2.2,1.77,-0.75,1.83,2.03,1.87,2.04,1.92,2.03,1.83,1.95,1.91,2.04,1.7,3.5,5.5,1.67,3.6,5.5,1.7,3.55,5.5,1.7,3.6,5.25,1.71,3.6,5.25,1.7,3.6,5.25,1.67,3.6,5.25,1.66,3.8,5.9,1.72,3.6,5.66,1.69,3.55,5.36,1.76,3.75,6,2.2,1.67,2.2,1.74,2.25,1.67,2.17,1.66,2.32,1.74,-0.75,1.93,1.93,1.87,2.06,1.93,1.95,1.89,1.88,1.99,2
I1,19/09/2025,19:45,Lecce,Cagliari,1,2,A,1,1,D,11,15,5,6,10,19,4,7,2,3,0,0,2.88,2.9,2.75,2.8,2.88,2.8,2.8,2.95,2.8,2.8,2.9,2.8,2.8,2.9,2.8,2.8,2.9,2.8,2.75,2.9,2.8,2.91,2.96,2.85,2.88,3,2.83,2.8,2.9,2.78,3,3,2.94,2.5,1.53,2.67,1.5,2.7,1.58,2.55,1.49,2.66,1.58,0,1.98,1.88,1.97,1.93,1.98,1.93,1.87,1.89,2,1.96,2.8,2.88,2.8,2.8,2.88,2.8,2.8,3,2.75,2.8,2.88,2.8,2.87,2.9,2.7,2.87,2.9,2.7,2.87,2.9,2.7,2.95,2.99,2.82,3,3,2.8,2.84,2.9,2.74,3.1,3,2.9,2.63,1.5,2.51,1.56,2.7,1.55,2.52,1.5,2.82,1.54,0,1.93,1.93,2.01,1.92,2,1.93,1.89,1.87,2.05,1.94
I1,20/09/2025,14:00,Bologna,Genoa,2,1,H,0,0,D,14,7,6,4,12,15,8,2,1,5,0,0,1.83,3.2,5.25,1.83,3.3,5,1.82,3.4,4.75,1.83,3.3,4.75,1.82,3.3,4.8,1.83,3.3,4.8,1.8,3.3,4.8,1.87,3.37,4.93,1.88,3.4,5.25,1.82,3.3,4.78,1.92,3.35,5.4,2.5,1.53,2.51,1.55,2.5,1.57,2.39,1.54,2.56,1.61,-0.5,1.85,2,1.88,2.04,1.85,2,1.81,1.95,1.92,2.06,2.15,2.88,4.1,2.05,3,4.2,1.97,3.1,4.5,2.1,3.1,3.9,2.1,2.95,4.1,2,3.1,4.4,1.95,3,4.4,1.91,3.26,4.99,2.15,3.1,4.75,2.04,3.01,4.25,2.14,3.05,4.7,2.75,1.44,2.55,1.55,2.75,1.54,2.6,1.47,2.92,1.5,-0.5,2.1,1.7,1.93,2,2.1,1.85,2,1.77,2.14,1.86
I1,20/09/2025,17:00,Verona,Juventus,1,1,D,1,1,D,14,10,4,4,18,10,5,3,3,3,0,0,6.5,3.9,1.55,6.5,3.75,1.57,6.4,3.95,1.55,7,3.8,1.53,6.5,3.9,1.57,6.5,3.9,1.57,6.5,3.8,1.55,6.7,3.98,1.57,7,4,1.57,6.5,3.85,1.55,7.8,3.95,1.6,2.2,1.67,2.26,1.68,2.25,1.67,2.18,1.64,2.32,1.72,1,1.88,1.98,1.9,2.01,1.88,1.98,1.82,1.95,1.88,2.06,7,3.9,1.53,6.5,4,1.53,7,4,1.5,6.5,4.1,1.5,6.5,3.9,1.55,6.5,4,1.55,6.5,3.9,1.55,7.23,4.01,1.55,7,4.2,1.55,6.62,3.98,1.52,7.8,4.1,1.58,2,1.85,2.13,1.78,2.1,1.85,1.99,1.78,2.1,1.89,1,1.93,1.93,1.96,1.96,1.93,1.94,1.89,1.89,1.96,2.02
I1,20/09/2025,19:45,Udinese,Milan,0,3,A,0,1,A,10,13,4,6,9,7,1,4,2,0,0,0,4.33,3.6,1.83,4.5,3.5,1.83,4.25,3.65,1.84,4.4,3.5,1.83,4.33,3.6,1.82,4.33,3.6,1.83,4.2,3.6,1.8,4.47,3.63,1.86,4.5,3.8,1.85,4.31,3.57,1.82,4.9,3.65,1.89,2.1,1.73,2.12,1.78,2.1,1.81,1.99,1.78,2.16,1.82,0.5,2.03,1.83,2.04,1.88,2.03,1.85,1.96,1.8,2.09,1.89,5.25,4.1,1.65,5,4,1.67,5.1,3.8,1.67,5.25,4,1.62,5.25,3.9,1.65,5.25,3.9,1.65,5,3.9,1.65,5.45,4.04,1.66,5.25,4.1,1.67,5.12,3.92,1.64,5.6,4.2,1.7,1.73,2.1,1.76,2.15,1.8,2.15,1.75,2.03,1.85,2.16,0.75,2.05,1.8,2.08,1.85,2.05,1.85,1.97,1.81,2.11,1.89
I1,21/09/2025,11:30,Lazio,Roma,0,1,A,0,1,A,10,13,2,6,14,22,3,6,1,1,2,0,2.8,3.1,2.63,2.88,3.1,2.63,2.85,3.2,2.6,2.75,3.13,2.55,2.8,3.2,2.6,2.8,3.2,2.6,2.75,3.1,2.6,2.96,3.12,2.67,2.9,3.2,2.63,2.81,3.13,2.58,3.1,3.15,2.7,2.3,1.62,2.33,1.65,2.3,1.67,2.19,1.64,2.4,1.68,0,2,1.85,2.06,1.85,2,1.85,1.96,1.79,2.13,1.86,2.75,2.9,2.88,2.75,3.1,2.75,2.85,3.05,2.7,2.75,3,2.75,2.8,2.9,2.75,2.8,2.9,2.75,2.8,2.9,2.75,2.86,3,2.91,3.1,3.1,2.88,2.8,2.97,2.73,2.96,3.1,2.92,2.3,1.62,2.4,1.62,2.3,1.63,2.26,1.6,2.42,1.69,0,1.88,1.98,1.94,1.98,2.1,1.98,1.93,1.84,2.01,1.98
I1,21/09/2025,14:00,Cremonese,Parma,0,0,D,0,0,D,3,15,1,3,16,8,3,3,1,0,0,0,2.55,3.2,2.88,2.6,3.1,2.88,2.55,3.15,2.9,2.5,3.13,2.8,2.55,3.1,2.87,2.5,3.2,2.87,2.5,3.1,2.87,2.6,3.2,2.98,2.6,3.2,2.9,2.52,3.13,2.87,2.68,3.15,3.1,2.2,1.67,2.3,1.67,2.32,1.67,2.24,1.61,2.34,1.7,0,1.83,2.03,1.83,2.1,1.83,2.03,1.77,1.98,1.84,2.13,3,3.3,2.38,2.88,3.2,2.5,2.8,3.2,2.6,3,3.2,2.4,2.95,3.1,2.5,2.9,3.1,2.6,2.87,3.1,2.6,2.85,3.07,2.85,3.15,3.3,2.6,2.93,3.15,2.51,3.15,3.25,2.64,2.03,1.83,2.14,1.76,2.15,1.83,2.06,1.73,2.12,1.86,0,2.08,1.73,1.96,1.96,2.2,1.98,1.98,1.8,2.19,1.82
I1,21/09/2025,14:00,Torino,Atalanta,0,3,A,0,3,A,11,9,5,5,11,9,1,0,0,0,0,0,3.25,3.4,2.2,3.4,3.25,2.2,3.5,3.4,2.12,3.4,3.2,2.15,3.5,3.3,2.15,3.3,3.1,2.05,3.5,3.25,2.15,3.38,3.36,2.27,3.5,3.4,2.2,3.39,3.28,2.14,3.65,3.45,2.28,2.2,1.67,2.29,1.68,2.2,1.68,2.15,1.66,2.3,1.72,0.25,1.95,1.9,1.95,1.95,1.98,1.9,1.94,1.78,2.04,1.94,4.2,3.2,2,3.75,3.3,2.05,3.55,3.35,2.12,3.9,3.25,2,3.7,3.25,2.05,3.6,3.25,2.1,3.7,3.25,2.05,3.5,3.33,2.26,4.2,3.35,2.25,3.74,3.25,2.06,4.2,3.35,2.1,2.03,1.83,2.18,1.75,2.1,1.86,1.99,1.78,2.1,1.88,0.5,1.85,2,1.71,2.26,1.85,2.2,1.75,2.03,1.89,2.11
I1,21/09/2025,17:00,Fiorentina,Como,1,2,A,1,0,H,8,19,1,7,16,19,2,6,4,3,0,0,2.6,3.2,2.8,2.63,3.2,2.75,2.6,3.3,2.7,2.55,3.2,2.7,2.6,3.25,2.7,2.62,3.25,2.7,2.6,3.2,2.7,2.64,3.28,2.87,2.63,3.3,2.83,2.59,3.2,2.73,2.74,3.25,2.94,2.1,1.73,2.12,1.78,2.1,1.73,2.09,1.7,2.18,1.81,0,1.85,2,1.88,2.04,1.85,2.04,1.78,1.98,1.91,2.04,2.63,3.25,2.7,2.63,3.25,2.75,2.5,3.35,2.8,2.63,3.2,2.75,2.6,3.2,2.75,2.5,3.25,2.87,2.5,3.2,2.8,2.7,3.26,2.86,2.7,3.35,2.87,2.57,3.24,2.76,2.74,3.4,2.9,1.98,1.88,2.06,1.86,2.05,1.88,1.98,1.79,2.04,1.92,0,1.93,1.93,1.91,2.02,1.93,2.04,1.79,1.97,1.94,2.05
I1,21/09/2025,19:45,Inter,Sassuolo,2,1,H,1,0,H,20,9,6,5,15,8,7,3,2,1,0,0,1.29,5.5,12,1.29,5.5,11,1.27,5.8,10.5,1.25,5.5,10.5,1.28,5.75,10.5,1.28,5.75,10,1.28,5.75,10,1.3,5.67,10.37,1.29,6,12,1.27,5.65,10.36,1.3,6,13,1.57,2.38,1.6,2.41,1.57,2.4,1.54,2.36,1.62,2.52,-1.75,2.03,1.83,2.04,1.85,2.03,1.83,1.98,1.79,2.07,1.84,1.29,5.5,10,1.3,5.5,9.5,1.28,5.75,10,1.3,5.5,9.5,1.3,5.5,9.5,1.3,5.5,9.5,1.3,5.5,9,1.32,5.63,10.01,1.33,5.75,10,1.3,5.5,9.3,1.33,5.9,11.5,1.53,2.5,1.5,2.58,1.53,2.6,1.49,2.52,1.56,2.74,-1.5,1.88,1.98,1.92,2.01,1.9,2,1.83,1.93,1.98,1.98
I1,22/09/2025,19:45,Napoli,Pisa,3,2,H,1,0,H,18,15,6,6,10,18,5,3,1,2,0,0,1.27,5.75,12,1.25,5.5,13,1.21,6.25,15,1.22,5.5,13,1.26,5.75,12,1.25,5.75,12,1.25,5.75,12,1.26,6.13,12.94,1.27,6.25,15,1.24,5.73,12.86,1.27,6.4,15.5,1.83,2.03,1.82,2.05,1.83,2.05,1.78,1.98,1.84,2.1,-1.75,2.03,1.78,2.07,1.83,2.03,1.89,1.96,1.8,2.08,1.85,1.3,5.25,10,1.29,5,12,1.28,5.2,12,1.3,5,11.5,1.32,5,10,1.33,5,10,1.33,5,9.5,1.3,5.35,12.55,1.33,5.33,12,1.3,5.05,11.17,1.33,5.7,13,2,1.85,2.03,1.88,2,1.91,1.91,1.85,2.04,1.94,-1.5,2.05,1.8,2.05,1.88,2.05,1.93,1.93,1.84,2.09,1.87
I1,27/09/2025,14:00,Como,Cremonese,1,1,D,1,0,H,14,9,6,2,16,17,4,3,3,4,1,0,1.45,4.33,8,1.44,4.33,8,1.43,4.6,7.5,1.4,4.5,8,1.47,4.33,7,1.48,4.33,7,1.48,4.2,7,1.47,4.63,7.03,1.48,4.6,8,1.44,4.41,7.45,1.49,4.6,8.4,1.88,1.98,1.87,2.02,1.91,1.98,1.85,1.9,1.92,2.04,-1.25,2,1.85,2.02,1.89,2,1.85,1.96,1.81,2.06,1.91,1.44,4.33,7.5,1.4,4.5,8.5,1.4,4.75,8,1.4,4.5,8,1.43,4.5,7.5,1.4,4.6,8,1.4,4.6,8,1.45,4.57,7.88,1.45,4.75,8.5,1.41,4.53,7.86,1.47,4.8,8.6,1.85,2,1.85,2.06,1.87,2,1.81,1.96,1.92,2.06,-1.25,2.03,1.83,2.03,1.9,2.03,1.96,1.91,1.86,2.01,1.97
I1,27/09/2025,17:00,Juventus,Atalanta,1,1,D,0,1,A,24,12,10,2,6,7,14,5,0,3,0,1,1.85,3.6,4.2,1.9,3.4,4.2,1.84,3.7,4.2,1.83,3.6,4.2,1.88,3.5,4.2,1.91,3.5,4.2,1.85,3.5,4.2,1.88,3.71,4.28,1.91,3.7,4.2,1.86,3.55,4.16,1.93,3.7,4.6,2.03,1.83,2.03,1.86,2.03,1.83,1.97,1.79,2.06,1.9,-0.5,1.85,2,1.89,2.02,1.86,2,1.82,1.94,1.93,2.05,1.9,3.4,4.33,1.95,3.4,4,1.92,3.5,4.1,1.95,3.5,3.8,1.93,3.4,4,1.95,3.4,4,1.95,3.4,4,1.98,3.38,4.38,2,3.5,4.33,1.93,3.42,4.01,1.99,3.6,4.4,2.03,1.83,2.09,1.83,2.05,1.83,1.97,1.8,2.1,1.89,-0.5,2,1.85,1.99,1.93,2,1.91,1.9,1.86,1.99,2
I1,27/09/2025,19:45,Cagliari,Inter,0,2,A,0,1,A,6,20,0,5,13,14,4,4,0,2,0,0,6,4.2,1.53,6,4.2,1.53,5.8,4.2,1.56,6,4.1,1.53,5.75,4.2,1.55,5.75,4.2,1.57,5.75,4.2,1.55,5.98,4.42,1.55,6,4.25,1.57,5.85,4.16,1.54,6.6,4.4,1.59,1.8,2,1.78,2.11,1.8,2.05,1.76,2.01,1.81,2.18,1,1.93,1.93,1.93,1.97,1.93,1.94,1.87,1.91,1.96,1.99,7,4.2,1.48,6.5,4.2,1.5,6.5,4.2,1.52,6.5,4.2,1.5,6.25,4.2,1.51,6.5,4.2,1.5,6.5,4.2,1.5,6.57,4.28,1.54,7,4.33,1.54,6.44,4.19,1.5,7.4,4.4,1.56,1.9,1.95,1.91,2,1.91,2,1.85,1.9,1.97,2,1,2.05,1.8,1.99,1.93,2.05,1.87,1.93,1.84,2.07,1.92
I1,28/09/2025,11:30,Sassuolo,Udinese,3,1,H,2,0,H,11,12,5,5,5,22,1,5,0,3,0,0,2.3,3.2,3.3,2.3,3.25,3.2,2.25,3.3,3.15,2.25,3.25,3.1,2.3,3.25,3.1,2.3,3.25,3.2,2.3,3.25,3.1,2.37,3.33,3.22,2.3,3.4,3.3,2.27,3.25,3.15,2.46,3.3,3.4,2.1,1.73,2.16,1.75,2.16,1.75,2.07,1.71,2.18,1.8,-0.25,1.98,1.88,2.04,1.88,1.98,1.88,1.93,1.83,2.08,1.9,2.35,3.1,3.3,2.38,3.2,3.1,2.38,3.2,3.15,2.38,3.1,3.2,2.35,3.1,3.2,2.37,3.1,3.2,2.37,3.1,3.1,2.38,3.26,3.26,2.4,3.2,3.3,2.36,3.13,3.17,2.5,3.2,3.4,2.1,1.73,2.19,1.73,2.22,1.73,2.11,1.69,2.28,1.77,-0.25,2,1.85,2.04,1.87,2,1.85,1.98,1.8,2.11,1.88
I1,28/09/2025,14:00,Pisa,Fiorentina,0,0,D,0,0,D,11,14,1,2,15,15,4,6,0,1,0,0,3.3,3.25,2.25,3.4,3.2,2.25,3.35,3.25,2.25,3.3,3.13,2.2,3.25,3.2,2.3,3.25,3.2,2.3,3.2,3.2,2.25,3.47,3.33,2.25,3.4,3.33,2.3,3.31,3.2,2.24,3.7,3.35,2.28,2.2,1.67,2.32,1.66,2.3,1.67,2.25,1.61,2.36,1.68,0.25,1.93,1.93,1.97,1.93,1.95,1.93,1.89,1.83,2.02,1.93,3.5,3.4,2.15,3.4,3.25,2.2,3.55,3.35,2.12,3.6,3.13,2.15,3.4,3.2,2.2,3.4,3.2,2.2,3.4,3.2,2.2,3.73,3.22,2.22,3.6,3.4,2.2,3.47,3.22,2.17,3.75,3.35,2.26,2.1,1.73,2.31,1.68,2.3,1.75,2.13,1.68,2.18,1.82,0.25,1.98,1.88,2.03,1.9,1.98,1.9,1.94,1.79,2.04,1.93
I1,28/09/2025,14:00,Roma,Verona,2,0,H,1,0,H,10,12,5,3,11,19,8,1,0,4,0,0,1.42,4.2,8.5,1.4,4.33,8.5,1.44,4.2,8.5,1.4,4.2,8,1.44,4.2,8,1.44,4.2,8,1.44,4.2,8,1.47,4.41,7.5,1.47,4.33,8.5,1.42,4.21,8.09,1.47,4.5,9.2,2.1,1.73,2.1,1.79,2.14,1.75,2.08,1.71,2.16,1.81,-1.25,2.03,1.83,2.04,1.87,2.05,1.83,2.01,1.76,2.12,1.85,1.4,4.33,8.5,1.4,4.33,8.5,1.4,4.5,8.5,1.4,4.4,8.5,1.43,4.33,8.25,1.44,4.33,8,1.44,4.2,8,1.44,4.39,8.83,1.44,4.5,8.5,1.41,4.34,8.28,1.45,4.8,9.6,2,1.85,2.09,1.81,2.05,1.85,1.99,1.78,2.06,1.9,-1.25,2,1.85,2.06,1.87,2,1.85,1.95,1.82,2.08,1.9
I1,28/09/2025,17:00,Lecce,Bologna,2,2,D,1,1,D,12,14,4,5,13,13,3,9,4,2,0,0,4.2,3,2.05,4,3.1,2.1,3.95,3.1,2.08,3.9,3.1,2,4,3,2.1,4,3,2.1,3.9,3,2.1,4.17,3.19,2.08,4.2,3.2,2.1,3.94,3.07,2.06,4.5,3.15,2.1,2.5,1.53,2.56,1.53,2.6,1.53,2.52,1.49,2.72,1.56,0.5,1.8,2.05,1.83,2.09,1.8,2.07,1.75,2.03,1.87,2.1,6,3.6,1.65,5,3.4,1.73,5.3,3.4,1.74,4.75,3.4,1.8,5.5,3.5,1.71,5.5,3.5,1.7,5.5,3.5,1.7,4.95,3.36,1.88,6,3.6,1.8,5.34,3.47,1.71,6,3.8,1.74,2.3,1.62,2.41,1.61,2.4,1.62,2.28,1.59,2.42,1.69,0.75,2,1.85,1.76,2.2,2,2.02,1.84,1.95,1.99,2
I1,28/09/2025,19:45,Milan,Napoli,2,1,H,2,0,H,6,19,3,7,7,7,1,7,1,0,1,0,2.35,3.1,3.2,2.4,3.2,3.1,2.38,3.25,3.1,2.3,3.2,3.1,2.4,3.2,3,2.4,3.2,3,2.37,3.2,3,2.34,3.3,3.3,2.4,3.25,3.2,2.36,3.19,3.08,2.48,3.25,3.4,2.1,1.73,2.19,1.73,2.17,1.73,2.12,1.68,2.28,1.74,-0.25,2,1.85,2.01,1.9,2,1.85,1.97,1.8,2.1,1.89,1.85,3.5,4.33,1.9,3.4,4.2,1.93,3.5,4.1,2.05,3.25,3.8,1.88,3.4,4.2,1.91,3.4,4.2,1.85,3.4,4.2,1.92,3.6,4.36,2.05,3.5,4.33,1.91,3.41,4.11,1.95,3.75,4.5,2.05,1.8,2.09,1.8,2.1,1.8,2.03,1.76,2.14,1.87,-0.5,1.88,1.98,1.93,2,1.97,1.98,1.89,1.86,1.96,2.03
I1,29/09/2025,17:30,Parma,Torino,2,1,H,1,0,H,13,15,2,4,10,12,4,3,3,3,0,0,2.3,3.1,3.4,2.25,3.2,3.4,2.28,3.15,3.35,2.25,3,3.4,2.15,3.25,3.4,2.15,3.25,3.4,2.15,3.25,3.4,2.34,3.19,3.42,2.33,3.25,3.4,2.24,3.13,3.35,2.34,3.25,3.7,2.2,1.67,2.24,1.7,2.28,1.67,2.19,1.64,2.28,1.73,-0.25,1.95,1.9,2,1.91,1.95,1.9,1.92,1.85,1.98,1.99,2.55,2.9,3.1,2.6,3,3,2.55,2.95,3.1,2.4,3,3.25,2.55,2.95,3,2.5,3,3,2.5,3,3,2.51,3.06,3.32,2.6,3,3.25,2.52,2.96,3.05,2.7,3.15,3.15,2.5,1.53,2.36,1.65,2.5,1.62,2.33,1.57,2.52,1.64,-0.25,2.15,1.68,2.12,1.83,2.16,1.72,2.09,1.7,2.26,1.78
I1,29/09/2025,19:45,Genoa,Lazio,0,3,A,0,2,A,17,10,5,6,18,16,6,0,5,1,0,0,3,3,2.6,3,3.1,2.5,3.1,3.15,2.43,2.9,3,2.55,2.95,3.1,2.5,3,3.1,2.5,2.9,3.1,2.45,3.02,3.12,2.63,3.1,3.15,2.6,2.97,3.06,2.5,3.25,3.1,2.66,2.3,1.62,2.4,1.62,2.38,1.62,2.29,1.58,2.48,1.63,0,2.05,1.8,2.1,1.83,2.1,1.8,2.02,1.74,2.22,1.79,2.8,2.9,2.8,2.88,3,2.63,2.95,2.95,2.7,3,2.9,2.63,2.9,2.95,2.65,2.9,3,2.62,2.87,2.9,2.62,3.12,3.06,2.63,3,3,2.8,2.88,2.93,2.68,3.05,3.05,2.88,2.63,1.5,2.58,1.55,2.63,1.55,2.51,1.5,2.86,1.53,0,1.98,1.88,2.15,1.81,1.98,1.91,1.94,1.83,2.04,1.93
I1,03/10/2025,19:45,Verona,Sassuolo,0,1,A,0,0,D,17,11,9,3,14,12,4,2,2,2,0,0,2.5,3.1,3,2.5,3.1,3,2.45,3.2,3,2.4,3.2,3,2.45,3.1,3,2.5,3.1,3,2.45,3.1,3,2.68,3.15,2.92,2.54,3.2,3.1,2.45,3.12,2.99,2.6,3.15,3.3,2.3,1.62,2.3,1.67,2.3,1.65,2.22,1.62,2.38,1.71,-0.25,2.1,1.7,2.27,1.7,2.1,1.74,2.06,1.72,2.18,1.82,2.3,3,3.3,2.38,3.1,3.2,2.35,3.05,3.3,2.3,3.2,3.2,2.35,3.1,3.25,2.37,3.1,3.25,2.45,3.1,3,2.52,3.09,3.26,2.45,3.2,3.4,2.34,3.07,3.24,2.4,3.25,3.6,2.3,1.62,2.36,1.65,2.3,1.65,2.26,1.61,2.4,1.7,-0.25,2,1.85,2.13,1.82,2,1.85,1.96,1.81,2.03,1.96
I1,04/10/2025,14:00,Lazio,Torino,3,3,D,2,1,H,9,16,4,8,13,22,3,5,3,3,0,0,1.7,3.6,5.25,1.73,3.6,5,1.72,3.65,5.1,1.7,3.6,5.25,1.73,3.6,5,1.73,3.6,5,1.73,3.6,4.8,1.72,3.53,5.74,1.75,3.65,5.66,1.71,3.56,5.11,1.77,3.7,5.9,2.1,1.73,2.15,1.75,2.12,1.75,2.06,1.72,2.18,1.81,-0.75,1.95,1.9,1.94,1.96,1.95,1.9,1.9,1.87,2,1.97,2.1,3.1,3.8,2.05,3.25,3.75,2,3.2,4.1,2,3.4,3.75,2.05,3.2,3.9,1.91,3.25,4.33,1.91,3.25,4.33,1.98,3.25,4.6,2.1,3.4,4.33,1.99,3.22,3.99,2.1,3.35,4.4,2.1,1.73,2.16,1.76,2.14,1.75,2.09,1.7,2.22,1.8,-0.5,2.08,1.73,1.99,1.93,2.08,1.91,1.95,1.81,2.08,1.91
I1,04/10/2025,14:00,Parma,Lecce,0,1,A,0,1,A,10,7,2,3,16,16,4,9,1,2,0,0,1.85,3.7,4.1,1.83,3.5,4.5,1.8,3.7,4.4,1.87,3.4,4.33,1.82,3.5,4.4,1.83,3.5,4.5,1.83,3.5,4.4,1.85,3.68,4.45,1.87,3.7,4.5,1.83,3.54,4.33,1.92,3.7,4.7,2.2,1.67,2.25,1.69,2.22,1.73,2.14,1.67,2.32,1.73,-0.5,1.85,2,1.86,2.05,1.85,2.02,1.8,1.96,1.92,2.07,1.85,3.4,4.5,1.9,3.4,4.33,1.88,3.5,4.2,1.87,3.4,4.33,1.9,3.3,4.33,1.91,3.3,4.33,1.91,3.3,4.2,1.93,3.43,4.55,1.91,3.5,4.5,1.88,3.38,4.28,1.96,3.6,4.6,2.2,1.67,2.32,1.65,2.3,1.67,2.21,1.64,2.36,1.71,-0.5,1.88,1.98,1.94,1.98,1.9,1.98,1.86,1.9,1.96,2.03
I1,04/10/2025,17:00,Inter,Cremonese,4,1,H,2,0,H,27,3,9,2,9,8,13,1,1,1,0,0,1.2,6.5,15,1.18,7,15,1.18,7,15,1.17,7.5,15,1.2,7,14,1.2,7,13,1.2,7,13,1.21,7.35,12.7,1.2,7.5,16,1.18,6.95,14.36,1.23,7.6,17.5,1.5,2.63,1.48,2.66,1.5,2.63,1.47,2.58,1.54,2.74,-2,1.98,1.88,1.97,1.92,1.98,1.92,1.9,1.88,2.04,1.9,1.17,7,21,1.17,7,19,1.18,7,16,1.14,7.5,18,1.17,7.25,18.5,1.18,7,17,1.17,7,17,1.19,7.35,16.71,1.18,7.5,21,1.16,7.08,17.41,1.19,8.6,23,1.57,2.38,1.55,2.51,1.58,2.48,1.54,2.4,1.61,2.6,-2,1.88,1.98,1.99,1.91,1.88,1.98,1.86,1.92,1.95,2.02
I1,04/10/2025,19:45,Atalanta,Como,1,1,D,1,1,D,16,12,4,4,10,19,8,3,1,3,0,0,2.2,3.4,3.25,2.15,3.5,3.25,2.17,3.55,3.2,2.2,3.4,3.25,2.2,3.4,3.2,2.2,3.4,3.2,2.2,3.4,3.2,2.27,3.4,3.35,2.25,3.55,3.33,2.18,3.43,3.21,2.34,3.5,3.45,1.73,2.1,1.81,2.08,1.8,2.1,1.74,2.03,1.8,2.18,-0.25,1.93,1.93,1.95,1.95,1.93,1.93,1.87,1.9,2,1.98,2.15,3.4,3.4,2.2,3.4,3.3,2.14,3.25,3.6,2.15,3.3,3.4,2.25,3.3,3.2,2.25,3.3,3.2,2.2,3.3,3.2,2.29,3.42,3.35,2.25,3.4,3.6,2.17,3.32,3.34,2.3,3.45,3.6,1.83,2.03,1.85,2.07,1.85,2.1,1.78,2,1.87,2.14,-0.25,1.88,1.98,1.97,1.95,1.88,1.98,1.83,1.95,1.95,2.03
I1,05/10/2025,11:30,Udinese,Cagliari,1,1,D,0,1,A,23,8,4,2,14,16,7,2,1,2,0,0,2.15,3.2,3.6,2.2,3.2,3.5,2.14,3.25,3.6,2.15,3.2,3.4,2.2,3.2,3.5,2.2,3.2,3.5,2.2,3.2,3.4,2.19,3.16,3.83,2.2,3.25,3.75,2.17,3.19,3.51,2.26,3.2,3.9,2.3,1.62,2.43,1.61,2.3,1.62,2.26,1.6,2.48,1.65,-0.25,1.83,2.03,1.87,2.05,1.83,2.03,1.81,1.95,1.91,2.04,2.05,3.2,4.1,2.1,3.1,3.5,2.1,3.15,3.85,2.15,3.25,3.5,2.15,3.1,3.7,2.15,3.1,3.7,2.15,3.1,3.6,2.18,3.24,3.84,2.15,3.25,4.1,2.11,3.13,3.73,2.2,3.25,4.1,2.2,1.67,2.23,1.71,2.3,1.7,2.21,1.64,2.38,1.71,-0.5,2.08,1.73,2.18,1.77,2.1,1.83,2.06,1.73,2.2,1.82
I1,05/10/2025,14:00,Bologna,Pisa,4,0,H,3,0,H,24,2,7,0,16,12,2,2,0,1,0,1,1.6,3.9,5.75,1.6,3.75,6,1.61,3.85,5.8,1.6,3.6,5.75,1.6,3.8,6,1.6,3.8,6,1.6,3.75,5.75,1.63,3.83,6.17,1.62,4,6,1.6,3.77,5.86,1.66,3.9,6.6,2.2,1.67,2.23,1.7,2.2,1.67,2.18,1.64,2.28,1.75,-0.75,1.78,2.1,1.83,2.09,1.78,2.1,1.75,2.02,1.85,2.14,1.65,3.7,5.5,1.67,3.6,5.5,1.63,3.8,5.75,1.65,3.7,5.5,1.68,3.6,5.5,1.67,3.6,5.5,1.67,3.5,5.5,1.68,3.71,5.93,1.7,3.8,5.75,1.66,3.63,5.51,1.73,3.85,6,2.2,1.67,2.27,1.69,2.25,1.67,2.19,1.64,2.3,1.73,-0.75,1.85,2,1.9,2.03,1.9,2,1.83,1.94,1.95,2.02
I1,05/10/2025,14:00,Fiorentina,Roma,1,2,A,1,2,A,11,8,3,3,19,21,3,4,2,3,0,0,3,3.3,2.4,3,3.2,2.4,3,3.35,2.4,2.9,3.25,2.38,2.9,3.3,2.4,2.9,3.3,2.4,2.9,3.3,2.37,3.07,3.26,2.5,3,3.35,2.45,2.94,3.26,2.39,3.25,3.3,2.54,2,1.8,2.2,1.72,2.1,1.8,2.02,1.74,2.2,1.81,0,2.08,1.73,2.17,1.76,2.1,1.75,2.06,1.7,2.26,1.77,3,3.2,2.45,3,3.1,2.5,3.1,3.15,2.43,3.1,3,2.45,3,3.2,2.45,3,3.2,2.45,3,3.1,2.4,3.23,3.16,2.49,3.1,3.2,2.5,3.03,3.11,2.44,3.3,3.2,2.56,2.2,1.67,2.31,1.68,2.22,1.67,2.16,1.66,2.26,1.77,0,2.1,1.7,2.25,1.72,2.1,1.73,2.09,1.69,2.28,1.76
I1,05/10/2025,17:00,Napoli,Genoa,2,1,H,0,1,A,12,6,5,1,16,15,7,5,1,3,0,0,1.48,4,8,1.44,4,8,1.46,4.1,8,1.45,4,7.5,1.49,4,7.25,1.5,4,7,1.5,4,7,1.5,4.04,8.09,1.5,4.1,8,1.47,4,7.55,1.53,4.1,9,2.2,1.67,2.32,1.65,2.28,1.67,2.22,1.63,2.36,1.69,-1,1.85,2,1.89,2.01,1.85,2,1.81,1.95,1.92,2.02,1.45,4,9,1.44,4,8.5,1.48,3.85,8.5,1.44,4.1,8,1.47,4,7.75,1.48,4,8,1.48,4,7.5,1.49,3.93,8.89,1.48,4.2,9,1.46,3.98,8.2,1.48,4.3,10.5,2.3,1.62,2.33,1.66,2.3,1.65,2.23,1.62,2.36,1.71,-1,1.8,2.05,1.9,2.03,1.83,2.08,1.79,2,1.86,2.14
I1,05/10/2025,19:45,Juventus,Milan,0,0,D,0,0,D,12,13,3,4,15,8,6,0,2,2,0,0,2.7,3.2,2.7,2.63,3.2,2.75,2.63,3.2,2.8,2.6,3.25,2.63,2.6,3.25,2.7,2.62,3.3,2.7,2.6,3.25,2.7,2.78,3.21,2.76,2.71,3.3,2.8,2.63,3.19,2.71,2.82,3.3,2.88,2.1,1.73,2.12,1.78,2.12,1.78,2.05,1.72,2.1,1.86,0,1.93,1.93,1.96,1.94,1.93,1.93,1.87,1.89,1.97,2,2.75,3,2.8,2.8,3.1,2.63,2.75,3,2.8,2.7,2.9,2.7,2.75,3.1,2.7,2.75,3.1,2.7,2.7,3.1,2.7,2.83,3.19,2.78,2.8,3.1,2.8,2.74,3.01,2.73,2.9,3.1,2.96,2.1,1.73,2.09,1.81,2.1,1.78,2.05,1.73,2.16,1.85,0,1.9,1.95,1.98,1.94,1.91,1.95,1.88,1.88,1.97,2.01
I1,18/10/2025,14:00,Lecce,Sassuolo,0,0,D,0,0,D,11,9,2,2,16,14,6,4,2,2,0,0,2.9,3.2,2.5,3,3.1,2.5,2.9,3.15,2.55,2.88,3.2,2.5,2.95,3.2,2.5,2.9,3.2,2.5,2.9,3.2,2.45,3.03,3.12,2.62,3,3.2,2.6,2.91,3.14,2.51,3.15,3.2,2.68,2.2,1.67,2.35,1.65,2.25,1.67,2.18,1.64,2.36,1.7,0,2.1,1.78,2.11,1.81,2.1,1.78,2.01,1.75,2.16,1.84,2.75,3,2.75,2.88,3.1,2.63,2.9,3.15,2.55,2.8,3,2.7,2.85,3,2.7,2.8,3,2.7,2.8,3,2.7,3.07,3.07,2.66,3.05,3.15,2.8,2.85,3.01,2.66,3,3.1,2.88,2.2,1.67,2.35,1.65,2.36,1.67,2.24,1.62,2.42,1.68,0,1.95,1.9,2.11,1.83,2.1,1.9,1.94,1.83,2.04,1.95
I1,18/10/2025,14:00,Pisa,Verona,0,0,D,0,0,D,7,15,0,3,8,14,3,8,4,2,0,0,2.55,3.1,2.9,2.6,3,3,2.45,3.15,3.05,2.55,3.13,2.88,2.5,3.1,2.95,2.5,3.1,2.9,2.5,3.1,2.9,2.64,3.15,2.97,2.6,3.15,3.05,2.52,3.08,2.94,2.72,3.15,3.1,2.38,1.57,2.47,1.58,2.4,1.6,2.33,1.56,2.56,1.63,0,1.8,2.05,1.84,2.08,1.8,2.05,1.76,2,1.86,2.12,2.7,2.8,3,2.63,3,2.88,2.65,2.95,3,2.7,2.88,3,2.65,2.95,2.95,2.62,2.9,2.9,2.62,2.9,2.9,2.71,2.99,3.09,2.83,3,3,2.68,2.88,2.94,2.88,2.92,3.15,2.75,1.44,2.55,1.55,2.75,1.5,2.56,1.48,2.86,1.52,0,1.83,2.03,1.83,2.1,1.86,2.03,1.81,1.95,1.89,2.09
I1,18/10/2025,17:00,Torino,Napoli,1,0,H,1,0,H,12,22,2,5,9,9,3,11,1,2,0,0,5.25,3.3,1.8,5,3.4,1.8,4.9,3.5,1.78,4.8,3.5,1.75,4.8,3.5,1.75,4.8,3.5,1.75,4.8,3.5,1.75,5.69,3.25,1.81,5.5,3.5,1.8,4.98,3.41,1.77,5.9,3.5,1.81,2.2,1.67,2.27,1.68,2.2,1.71,2.14,1.67,2.32,1.72,0.75,1.8,2.05,1.84,2.08,1.81,2.05,1.79,1.98,1.9,2.06,5.25,3.25,1.8,4.6,3.4,1.83,5.4,3.05,1.85,4.8,3.25,1.8,4.8,3.3,1.82,4.8,3.3,1.83,4.8,3.3,1.8,5.32,3.33,1.83,5.4,3.4,1.85,5.02,3.23,1.81,5.6,3.4,1.88,2.3,1.62,2.38,1.63,2.48,1.62,2.32,1.58,2.46,1.67,0.5,2.03,1.83,2.09,1.85,2.05,1.84,1.97,1.8,2.12,1.88
I1,18/10/2025,19:45,Roma,Inter,0,1,A,0,1,A,15,12,5,3,18,29,4,5,4,3,0,0,3.3,3.25,2.25,3.2,3.25,2.3,3.15,3.25,2.33,3.2,3.3,2.25,3.25,3.25,2.25,3.25,3.25,2.25,3.2,3.2,2.25,3.45,3.22,2.31,3.4,3.3,2.33,3.24,3.22,2.27,3.65,3.25,2.36,2.1,1.73,2.15,1.76,2.1,1.75,2.06,1.72,2.18,1.8,0.25,1.9,1.95,1.93,1.97,1.9,1.98,1.84,1.88,1.98,1.99,3.5,3.25,2.15,3.5,3.3,2.1,3.5,3.25,2.17,3.6,3.2,2.15,3.5,3.25,2.15,3.5,3.25,2.15,3.5,3.2,2.15,3.67,3.35,2.19,3.6,3.3,2.2,3.51,3.22,2.15,3.8,3.4,2.24,2.1,1.73,2.14,1.78,2.1,1.78,2.03,1.75,2.18,1.84,0.25,2.03,1.83,2.05,1.88,2.03,1.85,1.95,1.77,2.09,1.89
I1,19/10/2025,11:30,Como,Juventus,2,0,H,1,0,H,12,15,6,3,17,15,4,1,3,1,0,0,2.88,3.25,2.5,3,3.2,2.4,3,3.3,2.43,2.9,3.2,2.4,2.95,3.3,2.4,3,3.3,2.4,2.9,3.25,2.37,3.01,3.25,2.54,3,3.33,2.5,2.92,3.24,2.43,3.15,3.35,2.56,2.1,1.73,2.21,1.72,2.15,1.74,2.07,1.71,2.2,1.78,0.25,1.73,2.08,1.76,2.17,1.77,2.08,1.73,1.99,1.82,2.17,3.1,3.3,2.3,3,3.25,2.4,3.15,3.15,2.4,3.2,3.2,2.3,3.1,3.2,2.37,3.1,3.2,2.4,3,3.1,2.4,3.18,3.2,2.46,3.6,3.3,2.4,3.17,3.17,2.33,3.45,3.3,2.42,2.1,1.73,2.22,1.71,2.1,1.78,2.06,1.73,2.22,1.8,0.25,1.85,2,1.82,2.1,1.94,2.02,1.82,1.9,1.93,2.06
I1,19/10/2025,14:00,Cagliari,Bologna,0,2,A,0,1,A,4,10,3,7,15,22,2,7,1,3,0,0,3.6,3.3,2.1,3.6,3.2,2.15,3.55,3.35,2.14,3.5,3.2,2.1,3.6,3.2,2.15,3.6,3.2,2.15,3.5,3.2,2.15,3.72,3.27,2.18,3.6,3.35,2.16,3.54,3.22,2.13,4,3.3,2.18,2.3,1.62,2.35,1.65,2.3,1.62,2.24,1.61,2.38,1.68,0.25,2.03,1.83,2.05,1.86,2.03,1.83,1.97,1.75,2.12,1.85,3.9,3.3,2,3.75,3.25,2.1,3.85,3.2,2.07,3.7,3.3,2.05,3.75,3.2,2.1,3.75,3.2,2.1,3.7,3.2,2.1,4.08,3.2,2.12,4,3.3,2.1,3.82,3.19,2.06,4.2,3.35,2.14,2.2,1.67,2.28,1.68,2.25,1.67,2.2,1.63,2.36,1.72,0.5,1.83,2.03,1.81,2.13,1.83,2.05,1.77,2.01,1.87,2.12
I1,19/10/2025,14:00,Genoa,Parma,0,0,D,0,0,D,23,1,7,0,15,13,3,0,2,5,0,1,2.1,3,4,2.15,3.1,3.75,2.1,3.15,3.85,2.05,3.1,3.7,2.1,3.1,3.8,2.1,3.1,3.8,2.1,3.1,3.75,2.14,3.15,4.03,2.15,3.15,4,2.1,3.07,3.83,2.2,3.15,4.1,2.5,1.53,2.56,1.55,2.5,1.55,2.45,1.52,2.64,1.56,-0.25,1.8,2.05,1.82,2.11,1.8,2.05,1.76,2,1.85,2.12,2.25,2.88,3.75,2.25,2.88,3.6,2.18,3,3.85,2.25,2.88,3.7,2.25,2.9,3.7,2.25,2.9,3.7,2.25,2.9,3.6,2.3,2.95,3.94,2.3,3,3.85,2.23,2.9,3.72,2.38,2.96,4.1,2.75,1.44,2.79,1.47,2.75,1.5,2.62,1.46,2.9,1.51,-0.25,1.9,1.95,1.93,1.99,1.9,1.98,1.85,1.93,1.96,2.02
I1,19/10/2025,17:00,Atalanta,Lazio,0,0,D,0,0,D,16,4,6,1,10,5,7,1,4,0,0,0,1.73,4,4.5,1.73,3.75,4.6,1.7,4.1,4.6,1.7,3.75,4.6,1.73,3.8,4.6,1.73,3.8,4.6,1.73,3.75,4.6,1.71,4.2,4.67,1.73,4.1,4.75,1.7,3.88,4.59,1.73,4.2,5.2,1.8,2,1.82,2.06,1.8,2.05,1.78,1.99,1.83,2.1,-0.75,1.93,1.93,1.94,1.96,1.93,1.95,1.87,1.9,1.94,2.02,1.83,3.75,4.2,1.83,3.75,4.2,1.8,3.75,4.4,1.83,3.7,4.1,1.83,3.7,4.2,1.83,3.7,4.2,1.83,3.6,4.2,1.79,3.75,4.84,1.85,3.75,4.4,1.82,3.67,4.21,1.91,3.75,4.7,1.83,2.03,1.95,1.95,1.83,2.05,1.79,1.98,1.92,2.08,-0.5,1.85,2,1.79,2.15,1.85,2.02,1.8,1.97,1.91,2.08
I1,19/10/2025,19:45,Milan,Fiorentina,2,1,H,0,0,D,14,5,4,1,14,12,1,3,3,3,0,0,1.5,4.33,6.5,1.5,4.2,6.5,1.54,4.2,6,1.5,4.1,6,1.53,4.1,6.25,1.53,4.2,6,1.53,4.2,6,1.56,4.33,6.09,1.55,4.33,6.5,1.52,4.16,6.06,1.6,4.3,6.8,1.88,1.98,1.9,1.99,1.88,2,1.83,1.93,1.93,2.02,-1,1.93,1.93,1.95,1.95,1.93,1.93,1.89,1.89,2,1.95,1.73,3.6,5,1.7,3.6,5.5,1.7,3.6,5.4,1.67,3.7,5.25,1.68,3.7,5.25,1.67,3.7,5.25,1.67,3.7,5.25,1.76,3.64,5.21,1.73,3.7,5.5,1.68,3.63,5.27,1.75,3.75,5.9,2.1,1.73,2.09,1.83,2.1,1.75,2.06,1.73,2.24,1.8,-0.75,1.93,1.93,2.01,1.91,1.93,1.93,1.87,1.9,1.97,2
I1,20/10/2025,19:45,Cremonese,Udinese,1,1,D,1,0,H,11,8,4,1,15,14,5,4,4,2,0,0,3,3.25,2.4,3,3.1,2.5,3,3.25,2.4,3,3.13,2.4,2.87,3.2,2.5,2.87,3.2,2.5,2.87,3.2,2.5,3.08,3.23,2.51,3,3.25,2.5,2.96,3.15,2.44,3.2,3.25,2.58,2.2,1.67,2.31,1.67,2.25,1.68,2.18,1.65,2.36,1.67,0.25,1.78,2.1,1.79,2.15,1.78,2.1,1.74,1.97,1.82,2.18,3.2,3.1,2.4,3.1,3.1,2.4,3.25,3.2,2.32,3,3.2,2.4,3.1,3,2.45,3.1,3,2.45,3.1,3,2.45,3.51,3.18,2.34,3.25,3.2,2.45,3.15,3.07,2.4,3.4,3.2,2.52,2.3,1.62,2.34,1.65,2.3,1.65,2.22,1.62,2.38,1.71,0.25,1.8,2.05,1.93,1.99,1.84,2.05,1.79,1.93,1.87,2.12
I1,24/10/2025,19:45,Milan,Pisa,2,2,D,1,0,H,20,8,7,2,8,21,6,2,1,3,0,0,1.3,5.5,10,1.3,5,11,1.3,5.3,9.5,1.29,5.25,11,1.32,5.25,9.75,1.33,5.25,9.5,1.3,5.25,9.5,1.3,5.66,10.97,1.33,5.5,11,1.3,5.19,10.14,1.32,5.9,12,1.8,2.05,1.83,2.06,1.8,2.05,1.77,2.01,1.85,2.14,-1.5,1.93,1.93,2,1.93,1.95,1.93,1.9,1.86,2.02,1.94,1.3,5.5,9.5,1.33,5,10,1.32,5.2,9.5,1.3,5,10,1.34,5.25,8.75,1.33,5.25,9,1.3,5.25,9.5,1.31,5.5,11.5,1.34,5.5,11,1.31,5.14,9.72,1.34,5.7,12,1.8,2,1.81,2.08,1.83,2.1,1.77,2,1.87,2.12,-1.5,2.05,1.8,2.08,1.85,2.05,1.9,1.94,1.82,2.08,1.9
I1,25/10/2025,14:00,Parma,Como,0,0,D,0,0,D,10,6,3,2,7,14,3,3,0,1,0,0,3.9,3.5,1.95,3.75,3.4,2,3.9,3.6,1.93,3.9,3.4,1.95,3.7,3.4,2,3.7,3.4,2,3.7,3.4,2,4.06,3.53,1.98,3.9,3.6,2.02,3.8,3.46,1.97,4.3,3.55,2.02,2.05,1.75,2.11,1.79,2.05,1.8,1.99,1.78,2.18,1.82,0.5,1.88,1.98,1.92,1.99,1.88,2,1.84,1.93,1.96,2.02,4.5,3.2,1.95,4.2,3.25,1.95,4.3,3.3,1.92,4.1,3.3,1.95,4.1,3.25,1.98,4,3.25,1.95,4.2,3.3,1.91,4.6,3.23,1.99,4.5,3.3,2.05,4.23,3.19,1.96,4.5,3.3,2.06,2.35,1.57,2.44,1.6,2.38,1.65,2.27,1.6,2.5,1.65,0.5,1.88,1.98,1.93,2,1.89,2,1.83,1.93,1.92,2.06
I1,25/10/2025,14:00,Udinese,Lecce,3,2,H,2,0,H,8,13,4,3,12,12,4,9,2,2,0,0,1.8,3.4,4.75,1.83,3.4,4.6,1.78,3.55,4.75,1.8,3.5,4.6,1.8,3.5,4.5,1.8,3.5,4.5,1.8,3.5,4.5,1.86,3.42,4.86,1.83,3.55,4.75,1.8,3.45,4.64,1.91,3.5,5.2,2.2,1.67,2.26,1.69,2.22,1.67,2.18,1.65,2.3,1.72,-0.5,1.83,2.03,1.87,2.04,1.83,2.04,1.79,1.99,1.89,2.09,1.95,3.2,4.5,1.95,3.25,4.2,1.9,3.25,4.6,1.95,3.13,4.33,2,3.1,4.2,1.95,3.2,4.33,1.95,3.1,4.33,2.01,3.18,4.58,2.05,3.25,4.6,1.96,3.14,4.33,2.06,3.25,4.6,2.3,1.62,2.36,1.64,2.32,1.63,2.27,1.6,2.38,1.7,-0.5,1.98,1.88,2.02,1.9,2,1.9,1.93,1.83,2.06,1.92
I1,25/10/2025,17:00,Napoli,Inter,3,1,H,1,0,H,7,15,3,3,15,10,1,4,2,1,0,0,3,3.1,2.4,2.88,3.2,2.5,3.05,3.25,2.4,2.9,3.25,2.45,2.95,3.2,2.5,2.9,3.2,2.5,2.9,3.1,2.45,3.02,3.15,2.6,3.05,3.25,2.54,2.96,3.17,2.45,3.25,3.25,2.56,2.1,1.73,2.18,1.74,2.1,1.73,2.08,1.7,2.2,1.78,0,2.1,1.7,2.11,1.81,2.1,1.75,2.06,1.7,2.25,1.78,3.6,3.2,2.2,3.4,3.25,2.2,3.55,3.25,2.17,3.6,3.13,2.15,3.4,3.1,2.25,3.4,3.1,2.25,3.3,3.1,2.25,3.69,3.24,2.23,3.75,3.25,2.28,3.48,3.16,2.19,3.85,3.3,2.24,2.03,1.83,2,1.91,2.05,1.91,1.95,1.82,2.06,1.91,0.25,1.98,1.88,2.02,1.91,2,1.88,1.95,1.78,2.08,1.91
I1,25/10/2025,19:45,Cremonese,Atalanta,1,1,D,0,0,D,9,20,5,6,6,8,2,10,3,1,0,0,5,4.2,1.62,5.5,4,1.62,5.2,4,1.63,5.5,4,1.6,5.25,4,1.62,5.25,4,1.61,5.25,4,1.61,5.41,4.18,1.63,5.5,4.2,1.63,5.24,4.01,1.62,6,4.2,1.65,1.88,1.98,1.91,1.98,1.88,2,1.81,1.94,1.9,2.04,0.75,2.05,1.75,2.11,1.81,2.05,1.8,2,1.76,2.17,1.82,7,4.75,1.42,7,4.6,1.44,7.5,4.5,1.43,7,4.8,1.4,6.75,4.5,1.46,7,4.5,1.44,6.5,4.5,1.44,6.67,4.5,1.51,7.9,4.8,1.48,6.93,4.55,1.44,7.4,5,1.5,1.57,2.38,1.71,2.24,1.65,2.4,1.59,2.28,1.66,2.46,1.25,1.9,1.95,1.8,2.12,1.9,2,1.84,1.93,1.93,2.03
I1,26/10/2025,11:30,Torino,Genoa,2,1,H,0,1,A,13,11,6,3,14,9,9,1,2,2,0,0,2.25,2.9,3.5,2.3,3,3.5,2.35,2.95,3.4,2.25,3,3.4,2.3,3,3.5,2.3,3,3.5,2.3,3,3.4,2.35,2.96,3.71,2.38,3,3.6,2.3,2.94,3.47,2.42,3,3.8,2.75,1.44,2.78,1.46,2.75,1.5,2.63,1.45,2.78,1.47,-0.25,1.95,1.9,1.97,1.93,1.96,1.9,1.92,1.85,2.02,1.94,2.45,2.88,3.25,2.5,2.88,3.2,2.45,2.95,3.25,2.5,2.8,3.3,2.5,2.85,3.25,2.5,2.87,3.3,2.45,2.87,3.25,2.57,2.82,3.52,2.5,3,3.35,2.47,2.87,3.25,2.62,2.84,3.7,2.75,1.44,2.91,1.44,2.8,1.45,2.7,1.43,2.98,1.49,-0.25,2.13,1.75,2.14,1.81,2.13,1.77,2.05,1.75,2.16,1.84
I1,26/10/2025,14:00,Sassuolo,Roma,0,1,A,0,1,A,11,15,1,8,18,16,6,6,3,2,0,0,4.5,3.5,1.85,4.5,3.5,1.83,4.5,3.7,1.78,4.2,3.4,1.83,4.2,3.5,1.87,4.2,3.5,1.85,4.2,3.5,1.85,4.5,3.56,1.88,4.6,3.7,1.88,4.33,3.53,1.83,4.8,3.6,1.91,2.1,1.73,2.18,1.74,2.1,1.75,2.06,1.72,2.22,1.79,0.5,2,1.85,2.02,1.88,2.04,1.86,1.96,1.81,2.06,1.91,4.2,3.4,1.95,4.33,3.4,1.9,4.6,3.4,1.86,4.2,3.4,1.91,4.33,3.4,1.88,4.33,3.4,1.91,4.33,3.3,1.91,4.47,3.42,1.94,4.6,3.4,1.95,4.31,3.35,1.9,4.8,3.55,1.95,2.2,1.67,2.29,1.68,2.22,1.67,2.17,1.65,2.3,1.73,0.5,1.9,1.95,1.97,1.95,1.95,1.95,1.89,1.87,2.04,1.95
I1,26/10/2025,14:00,Verona,Cagliari,2,2,D,1,0,H,10,7,6,3,16,12,3,2,3,4,0,0,2.25,3,3.6,2.25,3.1,3.5,2.28,3.1,3.45,2.2,3.1,3.4,2.3,3.1,3.3,2.3,3.1,3.3,2.25,3.1,3.3,2.24,3.1,3.76,2.3,3.1,3.75,2.24,3.06,3.47,2.3,3.05,3.85,2.5,1.53,2.5,1.56,2.55,1.55,2.45,1.51,2.54,1.61,-0.25,1.9,1.95,1.9,2,1.92,1.95,1.88,1.89,1.93,2,1.95,3.2,4.33,2,3.2,4.2,1.98,3.2,4.2,1.95,3.1,4.5,1.98,3.1,4.33,2,3.1,4.33,2,3.1,4.2,1.98,3.17,4.77,2,3.2,4.6,1.96,3.15,4.31,2.02,3.25,4.8,2.38,1.57,2.44,1.59,2.45,1.6,2.39,1.54,2.52,1.64,-0.5,1.98,1.88,1.99,1.93,1.98,1.9,1.93,1.83,2.02,1.96
I1,26/10/2025,17:00,Fiorentina,Bologna,2,2,D,0,1,A,19,6,7,3,13,20,5,6,3,5,0,1,2.7,3.1,2.75,2.75,3.1,2.75,2.63,3.2,2.8,2.6,3.13,2.7,2.65,3.2,2.75,2.62,3.2,2.75,2.62,3.1,2.75,2.72,3.18,2.85,2.75,3.2,2.8,2.66,3.13,2.73,2.86,3.2,2.9,2.2,1.67,2.32,1.66,2.3,1.67,2.24,1.61,2.38,1.68,0,1.88,1.98,1.91,2,1.95,1.98,1.87,1.89,1.96,1.99,2.8,2.88,2.88,2.8,3,2.75,2.7,3,2.85,2.8,2.9,2.8,2.8,2.9,2.8,2.75,2.9,2.8,2.7,2.9,2.8,2.91,2.92,2.94,2.83,3,2.9,2.76,2.9,2.82,2.94,2.98,3.05,2.63,1.5,2.68,1.52,2.63,1.53,2.48,1.51,2.7,1.56,0,1.93,1.93,1.95,1.97,1.93,1.93,1.87,1.89,1.95,2.03
I1,26/10/2025,19:45,Lazio,Juventus,1,0,H,1,0,H,13,14,3,5,11,18,2,5,2,4,0,0,3.2,3.25,2.3,3.2,3.1,2.38,3.15,3.2,2.38,3.13,3.2,2.25,3.2,3.2,2.3,3.25,3.2,2.3,3.2,3.1,2.3,3.42,3.12,2.38,3.33,3.25,2.38,3.2,3.14,2.31,3.6,3.2,2.36,2.2,1.67,2.32,1.66,2.25,1.67,2.2,1.63,2.28,1.66,0.25,1.88,1.98,1.88,2.02,1.88,2,1.82,1.9,1.98,2.01,3.5,3.2,2.2,3.5,3.2,2.2,3.65,3.1,2.18,3.6,3.13,2.15,3.4,3.1,2.25,3.4,3.1,2.25,3.4,3.1,2.25,3.68,3.23,2.24,3.65,3.2,2.25,3.49,3.12,2.21,3.85,3.2,2.3,2.2,1.67,2.26,1.69,2.2,1.7,2.17,1.65,2.3,1.75,0.25,1.98,1.88,2.01,1.91,1.98,1.9,1.93,1.79,2.04,1.94
I1,28/10/2025,17:30,Lecce,Napoli,0,1,A,0,0,D,7,14,2,3,10,14,3,5,2,1,0,0,6.5,3.75,1.55,7,3.75,1.53,7,3.8,1.52,7,3.8,1.53,6.5,3.9,1.55,6.5,3.9,1.57,6.5,3.8,1.55,7.2,3.94,1.56,7,4,1.57,6.71,3.81,1.54,7.8,4,1.59,2.2,1.67,2.3,1.68,2.25,1.67,2.17,1.66,2.32,1.74,1,1.85,2,1.92,2.01,1.87,2,1.84,1.92,1.91,2.06,6,3.6,1.62,6.5,3.6,1.6,6.25,3.7,1.6,6,3.7,1.6,5.75,3.7,1.63,6,3.8,1.6,6,3.75,1.57,6.82,3.86,1.59,6.5,3.8,1.63,6.05,3.67,1.6,7,3.85,1.65,2.2,1.67,2.28,1.69,2.28,1.67,2.22,1.62,2.38,1.72,1,1.73,2.08,1.85,2.09,1.76,2.15,1.72,2.08,1.78,2.23
I1,28/10/2025,19:45,Atalanta,Milan,1,1,D,1,1,D,17,6,3,1,9,8,9,4,1,3,0,0,2.63,3.2,2.75,2.6,3.3,2.75,2.63,3.3,2.7,2.63,3.2,2.5,2.6,3.4,2.65,2.6,3.4,2.7,2.6,3.3,2.62,2.71,3.3,2.81,2.63,3.4,2.8,2.61,3.26,2.68,2.78,3.4,2.84,2,1.85,2.03,1.88,2.05,1.91,1.91,1.85,2.08,1.9,0,1.9,1.95,1.93,2,1.9,1.95,1.84,1.91,1.97,2.01,2.55,3.25,2.8,2.5,3.3,2.8,2.55,3.3,2.8,2.6,3.2,2.75,2.55,3.25,2.8,2.6,3.25,2.8,2.5,3.2,2.8,2.66,3.25,2.91,2.6,3.3,2.9,2.54,3.23,2.79,2.66,3.35,3,1.98,1.88,2,1.91,1.98,1.91,1.9,1.87,2.02,1.98,0,1.85,2,1.88,2.05,1.85,2.05,1.8,1.97,1.88,2.12
I1,29/10/2025,17:30,Como,Verona,3,1,H,1,1,D,15,13,5,9,11,21,1,3,1,4,0,0,1.6,3.6,6.5,1.62,3.75,6,1.58,3.95,6,1.6,3.6,6.5,1.62,3.75,5.75,1.61,3.75,5.75,1.61,3.75,5.75,1.66,3.59,6.37,1.65,3.95,6.6,1.6,3.7,6.03,1.66,3.85,7,2.1,1.73,2.17,1.74,2.5,2.1,2.12,1.72,2.26,1.77,-0.75,1.75,2.05,1.85,2.07,1.76,2.06,1.74,2.02,1.84,2.15,1.57,3.75,6.5,1.57,3.75,6.5,1.55,3.75,7,1.53,3.75,7,1.58,3.8,6.25,1.57,3.8,6,1.57,3.75,6,1.59,3.8,6.96,1.6,3.8,7,1.56,3.75,6.5,1.62,3.95,7.4,2.03,1.83,2.06,1.85,2.25,1.83,2.05,1.74,2.12,1.88,-1,2.03,1.83,2.06,1.87,2.03,1.85,1.96,1.82,2.08,1.89
I1,29/10/2025,17:30,Juventus,Udinese,3,1,H,1,1,D,25,8,11,2,12,13,8,4,1,4,0,0,1.44,4.1,8.5,1.44,4.2,7.5,1.42,4.6,7.5,1.44,4.33,7.5,1.46,4.33,7.25,1.48,4.33,7,1.44,4.33,7,1.47,4.5,7.44,1.48,4.6,8.5,1.44,4.32,7.42,1.49,4.5,8.8,1.98,1.88,1.98,1.91,1.98,1.91,1.91,1.86,2.02,1.94,-1.25,2.05,1.8,2.12,1.79,2.05,1.86,1.97,1.8,2.15,1.79,1.45,4.5,7,1.44,4.5,7.5,1.4,4.6,8,1.44,4.4,7,1.47,4.4,6.75,1.48,4.4,6.5,1.48,4.4,6.5,1.47,4.5,7.58,1.48,4.6,8,1.44,4.42,7.13,1.5,4.6,8.2,1.8,2,1.78,2.13,1.85,2.05,1.78,1.99,1.84,2.16,-1.25,2.03,1.83,2.1,1.84,2.05,1.9,1.95,1.83,2.15,1.85
I1,29/10/2025,17:30,Roma,Parma,2,1,H,0,0,D,18,8,6,5,8,9,9,2,0,3,0,0,1.53,3.75,7.5,1.5,4,7,1.49,4.1,7,1.5,4,7,1.51,4.1,6.5,1.5,4.2,6.5,1.5,4,6.5,1.54,4.08,6.92,1.53,4.2,7.5,1.5,4.04,6.86,1.55,4.2,8.2,2.1,1.73,2.16,1.74,2.1,1.75,2.05,1.72,2.16,1.8,-1,1.93,1.93,1.98,1.93,1.93,1.96,1.85,1.92,1.97,1.98,1.48,3.8,8.5,1.44,4,8.5,1.4,4.35,9,1.44,4.1,8,1.47,4.1,7.5,1.48,4,7.5,1.48,4,7.5,1.5,4.1,7.96,1.48,4.35,9,1.45,4.07,8.01,1.5,4.3,9.4,2.1,1.73,2.18,1.75,2.15,1.77,2.07,1.72,2.24,1.77,-1,1.83,2.03,1.87,2.06,1.83,2.23,1.74,2.09,1.88,2.13
I1,29/10/2025,19:45,Bologna,Torino,0,0,D,0,0,D,11,8,2,2,11,20,3,3,2,3,0,0,1.75,3.5,5,1.8,3.4,5,1.77,3.55,4.8,1.75,3.5,5,1.78,3.5,4.75,1.8,3.5,4.8,1.8,3.5,4.6,1.81,3.46,5.16,1.81,3.55,5,1.77,3.45,4.86,1.85,3.55,5.6,2.2,1.67,2.3,1.67,2.28,1.67,2.22,1.62,2.32,1.69,-0.75,2.03,1.83,2.07,1.85,2.03,1.83,1.99,1.78,2.12,1.87,1.75,3.5,4.75,1.8,3.4,5,1.81,3.3,5.1,1.75,3.5,5,1.77,3.4,5,1.75,3.4,5,1.75,3.4,5,1.82,3.42,5.23,1.81,3.5,5.33,1.77,3.38,4.99,1.85,3.45,5.7,2.2,1.67,2.25,1.7,2.25,1.68,2.19,1.65,2.28,1.75,-0.5,1.75,2.05,1.82,2.1,1.8,2.05,1.75,2.02,1.85,2.16
I1,29/10/2025,19:45,Genoa,Cremonese,0,2,A,0,1,A,16,12,1,4,16,13,7,3,3,1,0,0,1.85,3.25,4.75,1.83,3.25,5,1.85,3.35,4.75,1.83,3.3,4.75,1.85,3.4,4.5,1.85,3.4,4.5,1.85,3.3,4.5,1.87,3.3,5.08,1.88,3.4,5,1.84,3.28,4.72,1.91,3.35,5.4,2.5,1.53,2.57,1.53,2.5,1.55,2.44,1.52,2.58,1.59,-0.5,1.85,2,1.88,2.03,1.85,2,1.81,1.94,1.91,2.07,1.73,3.5,5.25,1.8,3.4,5,1.73,3.5,5.3,1.7,3.5,5.25,1.78,3.3,5,1.8,3.3,5,1.8,3.3,5,1.79,3.52,5.31,1.8,3.5,5.33,1.74,3.43,5.15,1.84,3.6,5.5,2.3,1.62,2.28,1.68,2.3,1.67,2.23,1.63,2.38,1.71,-0.75,1.95,1.9,2.05,1.88,1.95,1.9,1.92,1.85,2.11,1.88
I1,29/10/2025,19:45,Inter,Fiorentina,3,0,H,0,0,D,22,10,8,2,11,16,8,5,1,2,0,1,1.38,4.5,8.5,1.4,4.6,8.5,1.36,5,8.5,1.36,4.8,8.5,1.39,4.8,7.75,1.4,4.8,8,1.4,4.8,7.5,1.41,5.02,7.67,1.4,5,8.5,1.38,4.77,8.1,1.42,5.3,9,1.73,2.1,1.75,2.16,1.73,2.15,1.69,2.1,1.77,2.18,-1.25,1.88,1.98,1.93,1.97,1.88,2,1.81,1.95,1.93,2,1.36,5,8.5,1.33,5,9,1.37,5.2,8,1.33,5.25,8.5,1.36,5.25,8,1.36,5.25,8,1.36,5.25,8,1.37,5.24,8.76,1.37,5.33,9.2,1.35,5.13,8.33,1.42,5.3,9.2,1.53,2.5,1.57,2.47,1.58,2.5,1.55,2.37,1.6,2.6,-1.5,2,1.85,2.05,1.88,2.04,1.87,1.96,1.81,2.06,1.9
I1,30/10/2025,17:30,Cagliari,Sassuolo,1,2,A,0,0,D,8,12,1,4,20,21,6,7,4,4,0,0,2.6,3.1,2.88,2.63,3.1,2.88,2.45,3.25,2.9,2.5,3.2,2.75,2.55,3.2,2.85,2.6,3.2,2.8,2.6,3.1,2.8,2.66,3.19,2.91,2.66,3.25,2.9,2.54,3.17,2.83,2.8,3.2,2.98,2.2,1.67,2.24,1.7,2.2,1.67,2.16,1.66,2.28,1.71,0,1.83,2.03,1.87,2.04,1.85,2.03,1.8,1.96,1.93,2.04,2.63,3.1,2.8,2.63,3.1,2.88,2.6,3,2.95,2.63,3.1,2.88,2.6,3.1,2.9,2.6,3.1,2.9,2.6,3,2.87,2.62,3.1,3.09,2.7,3.1,2.95,2.61,3.04,2.87,2.78,3.2,3.05,2.2,1.67,2.38,1.64,2.3,1.67,2.21,1.63,2.36,1.72,0,1.88,1.98,1.81,2.14,1.88,2,1.81,1.95,1.91,2.09
I1,30/10/2025,19:45,Pisa,Lazio,0,0,D,0,0,D,10,11,2,6,16,12,3,1,2,2,0,0,3.7,3.25,2.1,3.75,3.25,2.1,3.85,3.3,2.02,3.5,3.2,2.1,3.5,3.25,2.15,3.5,3.25,2.15,3.5,3.2,2.15,3.78,3.24,2.17,3.85,3.3,2.15,3.64,3.22,2.09,3.95,3.35,2.2,2.2,1.67,2.33,1.65,2.25,1.67,2.2,1.63,2.34,1.67,0.25,2.03,1.83,2.06,1.85,2.08,1.83,2.02,1.71,2.12,1.87,3.9,3.1,2.1,3.75,3.1,2.15,3.95,3.2,2.05,3.9,3.1,2.1,3.7,3.1,2.15,3.75,3.1,2.15,3.7,3.1,2.15,3.86,3.18,2.2,4,3.2,2.15,3.83,3.1,2.11,4.1,3.3,2.2,2.38,1.57,2.37,1.65,2.4,1.6,2.32,1.58,2.5,1.65,0.25,2.05,1.8,2.06,1.87,2.08,1.81,2.02,1.71,2.14,1.86
I1,01/11/2025,14:00,Udinese,Atalanta,1,0,H,1,0,H,11,5,5,0,14,11,5,4,1,3,0,0,4.5,3.6,1.8,4.2,3.75,1.83,4.25,3.7,1.83,4.33,3.7,1.8,4.33,3.7,1.82,4.33,3.7,1.8,4.2,3.6,1.8,4.45,3.87,1.81,4.5,3.8,1.84,4.3,3.69,1.8,4.7,3.8,1.88,1.85,2,1.87,2.03,1.87,2,1.82,1.93,1.89,2.08,0.75,1.78,2.03,1.85,2.07,1.8,2.07,1.75,2.02,1.86,2.14,5,3.8,1.67,4.6,3.75,1.73,5.1,3.65,1.72,4.8,3.8,1.7,4.75,3.75,1.72,4.8,3.75,1.73,4.8,3.75,1.73,5.15,3.89,1.72,5.1,3.8,1.75,4.83,3.73,1.71,5.4,3.95,1.77,1.85,2,1.72,2.22,1.85,2.06,1.78,1.99,1.89,2.1,0.75,1.98,1.88,1.99,1.93,1.98,1.91,1.9,1.87,2,1.98
I1,01/11/2025,17:00,Napoli,Como,0,0,D,0,0,D,13,13,8,2,15,16,4,2,3,2,0,0,1.95,3.1,4.5,1.95,3.3,4.2,1.86,3.35,4.5,1.95,3.25,4.2,1.93,3.3,4.2,1.91,3.3,4.2,1.91,3.3,4.2,2,3.1,4.71,2,3.35,4.75,1.93,3.21,4.35,2.04,3.3,4.7,2.2,1.67,2.27,1.68,2.25,1.7,2.16,1.66,2.3,1.74,-0.5,1.98,1.88,2.01,1.89,1.98,1.95,1.9,1.86,2.04,1.94,1.91,3.2,4.5,1.91,3.3,4,1.88,3.25,4.7,1.9,3.3,4.2,1.93,3.25,4.33,1.91,3.25,4.33,1.91,3.25,4.33,1.94,3.3,4.7,1.95,3.3,4.7,1.91,3.24,4.37,1.99,3.35,5,2.1,1.73,2.14,1.78,2.1,1.75,2.08,1.72,2.22,1.79,-0.5,1.95,1.9,1.95,1.97,1.95,1.93,1.88,1.88,1.98,2.01
I1,01/11/2025,19:45,Cremonese,Juventus,1,2,A,0,1,A,9,15,2,5,10,14,2,3,1,0,0,0,6.5,4.33,1.5,7.5,4.2,1.44,7,4.25,1.48,7,4.1,1.5,6.5,4.2,1.5,6.5,4.2,1.5,6.5,4.2,1.5,6.84,4.32,1.52,7.5,4.33,1.51,6.8,4.2,1.48,7.8,4.4,1.53,1.98,1.88,1.96,1.93,1.98,1.91,1.91,1.85,2,1.95,1,2,1.85,2.02,1.88,2,1.85,1.96,1.8,2.08,1.89,6,4.33,1.5,7,4.2,1.5,7,4.4,1.46,6.5,4.2,1.5,6.5,4.2,1.5,6.5,4.2,1.5,6.5,4.2,1.5,7.03,4.27,1.52,7,4.4,1.52,6.59,4.22,1.49,7.6,4.6,1.52,1.85,2,1.87,2.05,1.85,2.05,1.78,1.99,1.91,2.08,1,2.03,1.83,2.06,1.87,2.1,1.84,2.02,1.77,2.08,1.92
I1,02/11/2025,11:30,Verona,Inter,1,2,A,1,1,D,8,21,2,6,15,4,4,8,2,1,0,0,7.5,4.5,1.42,8,4.6,1.4,8,5,1.36,7.5,4.4,1.4,7,4.75,1.42,7,4.8,1.44,7,4.6,1.4,7.61,5.11,1.41,8,5,1.44,7.59,4.7,1.39,9,5.2,1.43,1.8,2,1.84,2.06,1.8,2.05,1.76,2.01,1.85,2.12,1.25,1.88,1.98,1.93,1.97,1.98,1.98,1.91,1.88,1.96,1.97,8,5,1.36,8.5,5,1.36,8.5,4.9,1.38,8.5,4.8,1.36,8,4.8,1.38,8,4.8,1.4,8,4.8,1.36,9.75,5.15,1.36,9,5,1.4,8.36,4.87,1.36,11,5.2,1.38,1.8,2,1.81,2.09,1.8,2.1,1.77,2.01,1.89,2.12,1.25,2,1.85,2.03,1.9,2.05,1.87,1.95,1.83,2.06,1.91
I1,02/11/2025,14:00,Fiorentina,Lecce,0,1,A,0,1,A,15,11,4,4,14,21,4,4,4,1,0,0,1.62,3.8,5.75,1.62,3.6,6,1.62,3.8,5.75,1.62,3.6,5.5,1.63,3.8,5.5,1.61,3.8,5.5,1.61,3.8,5.5,1.66,3.85,5.74,1.65,3.8,6,1.62,3.73,5.62,1.68,3.95,6.2,2.2,1.67,2.21,1.72,2.2,1.73,2.12,1.68,2.24,1.76,-0.75,1.83,2.03,1.86,2.05,1.83,2.03,1.78,1.98,1.88,2.08,1.7,3.5,5.5,1.67,3.6,5.5,1.68,3.55,5.6,1.67,3.7,5.25,1.7,3.6,5.25,1.7,3.6,5.25,1.7,3.6,5.25,1.74,3.55,5.75,1.7,3.7,5.66,1.69,3.55,5.41,1.73,3.8,6,2.1,1.73,2.26,1.7,2.2,1.73,2.13,1.68,2.26,1.76,-0.75,1.93,1.93,1.98,1.93,1.93,1.93,1.87,1.9,1.97,2
I1,02/11/2025,14:00,Torino,Pisa,2,2,D,2,2,D,15,11,3,3,14,8,4,2,2,1,0,0,1.95,3.25,4.33,1.95,3.25,4.2,1.9,3.4,4.25,1.93,3.25,4,1.95,3.25,4.2,1.95,3.25,4.2,1.95,3.25,4.2,2.01,3.32,4.26,1.97,3.4,4.33,1.93,3.29,4.16,2,3.3,4.7,2.3,1.62,2.42,1.61,2.3,1.62,2.25,1.6,2.5,1.64,-0.5,1.98,1.88,2.02,1.89,1.98,1.91,1.9,1.86,2,1.98,1.85,3.25,5,1.83,3.3,5,1.82,3.35,4.9,1.83,3.4,4.6,1.85,3.25,4.8,1.85,3.25,4.8,1.83,3.25,4.8,1.83,3.33,5.5,1.88,3.4,5.33,1.82,3.29,4.89,1.89,3.4,5.6,2.38,1.57,2.47,1.58,2.4,1.6,2.33,1.57,2.5,1.63,-0.5,1.85,2,1.83,2.11,1.85,2.05,1.79,1.98,1.89,2.11
I1,02/11/2025,17:00,Parma,Bologna,1,3,A,1,1,D,7,22,1,6,16,15,1,5,3,2,1,0,4.2,3,2.05,4,3.2,2.05,4.35,3.2,1.96,3.75,3.13,2.05,3.9,3.1,2.1,3.9,3.1,2.1,3.8,3.1,2.1,4.24,3.05,2.13,4.35,3.2,2.1,4.02,3.08,2.05,4.4,3.15,2.14,2.5,1.53,2.55,1.55,2.5,1.57,2.4,1.53,2.58,1.6,0.5,1.8,2.05,1.79,2.13,1.86,2.05,1.78,1.98,1.85,2.14,4.75,3,1.95,4.5,3.1,1.95,4.8,3,1.94,4.75,3.1,1.9,4.4,3,2,4.4,3,2,4.4,3,2,5.05,3.1,1.96,5,3.15,2,4.64,3.03,1.94,5.1,3.2,2.02,2.63,1.5,2.64,1.52,2.63,1.5,2.54,1.49,2.68,1.58,0.5,1.93,1.93,1.95,1.97,1.93,1.93,1.86,1.9,1.96,2.02
I1,02/11/2025,19:45,Milan,Roma,1,0,H,1,0,H,17,20,8,6,12,13,7,8,1,5,0,0,2.2,3,3.7,2.1,3.2,3.75,2.1,3.1,3.85,2.1,3.2,3.5,2.1,3.2,3.75,2.1,3.2,3.75,2.1,3.2,3.7,2.16,3.21,3.87,2.22,3.2,3.85,2.13,3.12,3.68,2.32,3.25,3.8,2.2,1.67,2.27,1.68,2.3,1.67,2.21,1.63,2.34,1.73,-0.25,1.85,2,1.84,2.08,1.86,2,1.8,1.97,1.96,2.02,2.3,2.88,3.5,2.38,3,3.4,2.38,2.88,3.5,2.3,3,3.4,2.3,3,3.4,2.3,3,3.4,2.3,3,3.4,2.42,2.98,3.6,2.38,3,3.5,2.34,2.95,3.42,2.44,3.05,3.8,2.5,1.53,2.57,1.55,2.55,1.67,2.41,1.54,2.64,1.6,-0.25,1.95,1.9,2.03,1.89,2,1.9,1.94,1.83,2.04,1.94
I1,03/11/2025,17:30,Sassuolo,Genoa,1,2,A,0,1,A,13,16,4,5,13,13,3,7,1,3,0,0,2.45,3,3.2,2.4,3,3.2,2.43,3.1,3.15,2.4,3.1,3,2.45,3,3.1,2.45,3.1,3.1,2.4,3,3.1,2.45,3.1,3.3,2.5,3.1,3.25,2.42,3.02,3.12,2.58,3.05,3.4,2.5,1.53,2.53,1.54,2.5,1.55,2.4,1.53,2.5,1.57,-0.25,2.1,1.78,2.08,1.83,2.1,1.78,2.03,1.75,2.16,1.82,2.6,2.9,3,2.5,2.88,3.25,2.43,2.9,3.35,2.5,2.88,3.25,2.5,2.87,3.2,2.3,2.9,3.5,2.5,2.87,3.2,2.54,2.95,3.4,2.6,3,3.5,2.45,2.9,3.26,2.58,2.98,3.55,2.75,1.44,2.84,1.46,2.75,1.48,2.66,1.45,2.88,1.52,-0.25,2.1,1.7,2.13,1.82,2.1,1.86,2.01,1.76,2.15,1.85
I1,03/11/2025,19:45,Lazio,Cagliari,2,0,H,0,0,D,8,17,3,5,8,18,7,5,0,2,0,0,1.53,3.8,7,1.57,4,6,1.52,4,6.75,1.53,3.9,6,1.58,4,5.75,1.57,4,5.75,1.57,4,5.75,1.58,4.15,6.08,1.58,4,7,1.55,3.95,6.05,1.6,4.1,7,1.98,1.88,1.97,1.92,1.98,1.91,1.93,1.83,2,1.94,-1,2,1.85,2.04,1.87,2,1.89,1.92,1.85,2.05,1.88,1.62,3.6,6,1.67,3.6,5.5,1.61,3.75,6.1,1.62,3.75,5.75,1.62,3.7,6,1.61,3.7,6,1.61,3.7,6,1.67,3.85,5.84,1.67,3.75,6.1,1.62,3.69,5.83,1.71,3.9,6,2.1,1.73,2.2,1.74,2.14,1.73,2.07,1.72,2.24,1.79,-0.75,1.83,2.03,1.88,2.06,1.83,2.05,1.78,2.01,1.92,2.06
I1,07/11/2025,19:45,Pisa,Cremonese,1,0,H,0,0,D,14,13,6,3,11,17,4,5,4,2,0,0,2.25,3.1,3.4,2.3,3.1,3.4,2.28,3,3.55,2.25,3,3.5,2.25,3.1,3.5,2.25,3.1,3.5,2.25,3,3.4,2.34,3.05,3.68,2.3,3.1,3.66,2.26,3.03,3.49,2.38,3.15,3.7,2.38,1.57,2.47,1.58,2.38,1.6,2.35,1.57,2.52,1.63,-0.25,1.95,1.9,1.97,1.94,1.95,1.9,1.89,1.88,2.02,1.96,2.3,3.1,3.4,2.25,3.1,3.5,2.33,2.95,3.55,2.3,3,3.5,2.3,3,3.4,2.3,3,3.4,2.25,3,3.4,2.39,3.02,3.6,2.38,3.1,3.6,2.3,2.98,3.45,2.42,3.05,3.75,2.5,1.53,2.52,1.56,2.5,1.55,2.43,1.53,2.68,1.58,-0.25,1.98,1.88,2.01,1.91,2,1.88,1.94,1.84,2.02,1.95
I1,08/11/2025,14:00,Como,Cagliari,0,0,D,0,0,D,10,4,6,2,21,15,10,0,3,1,0,0,1.48,4.5,6.5,1.5,4.2,7,1.47,4.35,7,1.45,4.2,7,1.5,4.2,6.5,1.5,4.2,6.5,1.5,4.2,6.5,1.5,4.51,6.65,1.5,4.5,7,1.48,4.27,6.69,1.54,4.5,7.6,1.9,1.95,1.93,1.96,1.91,1.95,1.86,1.9,1.96,1.99,-1,1.83,2.03,1.85,2.06,1.83,2.05,1.79,2,1.9,2.07,1.57,3.9,6.25,1.53,4,6.5,1.54,3.95,7,1.53,3.9,6.5,1.55,4,6,1.55,4,6,1.55,4,6,1.54,4.1,7.25,1.57,4,7,1.54,3.95,6.37,1.6,4.2,7.2,2.03,1.83,2.04,1.87,2.03,1.83,1.96,1.81,2.08,1.89,-1,2,1.85,2,1.93,2,1.89,1.92,1.85,2.06,1.92
I1,08/11/2025,14:00,Lecce,Verona,0,0,D,0,0,D,11,5,6,2,10,18,7,2,1,4,0,0,2.75,2.9,2.9,2.75,2.88,2.88,2.85,2.75,2.95,2.7,2.88,2.9,2.65,3,2.85,2.7,3,2.87,2.62,3,2.87,2.83,2.88,3.02,2.85,3,3,2.73,2.86,2.91,2.9,2.96,3.15,2.63,1.5,2.7,1.49,2.75,1.53,2.57,1.48,2.74,1.54,0,1.85,2,1.89,2.02,1.85,2,1.82,1.94,1.92,2.08,2.7,2.88,3,2.75,2.75,3,2.8,2.75,3,2.75,2.8,3,2.75,2.8,2.95,2.75,2.8,2.9,2.75,2.8,2.9,2.83,2.75,3.22,2.8,2.88,3.14,2.75,2.75,2.99,2.92,2.84,3.25,3,1.4,2.91,1.44,3,1.45,2.78,1.41,2.98,1.48,0,1.83,2.03,1.84,2.1,1.83,2.05,1.79,1.98,1.9,2.09
I1,08/11/2025,17:00,Juventus,Torino,0,0,D,0,0,D,22,8,6,3,9,4,6,2,0,1,0,0,1.5,4.1,7,1.5,4,7,1.53,4,6.75,1.5,4,7,1.49,4.2,7,1.5,4.2,7,1.5,4.2,7,1.51,4.16,7.34,1.53,4.2,7.5,1.49,4.07,7.02,1.54,4.2,8.2,2.05,1.8,2.06,1.84,2.08,1.8,2,1.76,2.08,1.86,-1,1.85,2,1.88,2.03,1.91,2,1.84,1.92,1.91,2.05,1.5,4.1,6.5,1.5,4,7,1.49,4.1,7,1.5,4.1,6.5,1.51,4.1,6.75,1.5,4,7,1.5,4,7,1.5,4.23,7.6,1.52,4.2,7,1.49,4.04,6.88,1.54,4.4,7.8,1.93,1.93,1.94,1.96,1.93,1.93,1.91,1.86,2,1.97,-1,1.85,2,1.87,2.06,1.85,2,1.82,1.96,1.92,2.07
I1,08/11/2025,19:45,Parma,Milan,2,2,D,1,2,A,14,10,4,5,14,10,4,3,1,1,0,0,5.75,4,1.57,6,3.75,1.6,6.25,4.1,1.55,6,3.9,1.57,5.75,3.7,1.62,5.75,3.7,1.61,5.75,3.7,1.61,6.27,3.93,1.6,6.25,4.1,1.62,5.89,3.87,1.58,6.4,4,1.66,2.1,1.73,2.16,1.74,2.1,1.73,2.07,1.71,2.18,1.81,1,1.8,2.05,1.83,2.09,1.84,2.1,1.78,2.01,1.81,2.17,6.5,4,1.5,7,4,1.5,7.5,4.2,1.47,6.5,3.9,1.53,6.75,4,1.52,7,4,1.53,6.5,3.9,1.53,7.05,4.14,1.53,7.5,4.2,1.53,6.93,3.99,1.5,7.6,4.3,1.55,2.05,1.8,2.06,1.85,2.05,1.82,1.98,1.79,2.1,1.9,1,1.95,1.9,1.98,1.94,2.02,1.9,1.94,1.84,2.01,1.96
I1,09/11/2025,11:30,Atalanta,Sassuolo,0,3,A,0,1,A,14,8,2,4,9,8,4,1,0,2,0,0,1.44,4.5,7,1.44,4.5,7,1.43,4.7,7,1.4,4.5,7,1.46,4.5,6.75,1.48,4.5,6.5,1.44,4.5,6.5,1.44,4.89,7.09,1.48,5,7.2,1.43,4.61,6.8,1.46,5,8,1.67,2.2,1.71,2.22,1.67,2.2,1.65,2.17,1.77,2.24,-1.25,2,1.85,2.01,1.9,2,1.86,1.94,1.83,2.03,1.94,1.48,4.5,6.25,1.5,4.5,6.5,1.48,4.5,6.5,1.44,4.5,7,1.49,4.6,6.25,1.48,4.6,6,1.48,4.4,6,1.5,4.5,7.05,1.5,4.6,7.5,1.47,4.44,6.58,1.54,4.6,7.4,1.67,2.2,1.72,2.2,1.71,2.22,1.67,2.14,1.76,2.28,-1.25,2.05,1.8,2.12,1.79,2.08,1.87,2.02,1.77,2.14,1.84
I1,09/11/2025,14:00,Bologna,Napoli,2,0,H,0,0,D,11,4,4,1,14,15,5,4,1,3,0,0,3,3.1,2.55,3,3,2.6,3.1,3.05,2.5,2.9,2.9,2.6,2.9,3.1,2.55,2.9,3.1,2.6,2.87,3.1,2.5,3.08,3.07,2.61,3.1,3.1,2.6,2.97,3.01,2.55,3.2,3.1,2.7,2.5,1.53,2.52,1.55,2.6,1.55,2.45,1.52,2.58,1.61,0,2.1,1.78,2.13,1.8,2.1,1.83,2.01,1.75,2.17,1.82,3,2.9,2.63,3,2.88,2.63,2.8,3.05,2.75,2.9,2.88,2.7,2.95,2.95,2.65,2.9,3,2.62,2.9,2.9,2.62,3.06,2.99,2.73,3,3.05,2.75,2.89,2.93,2.68,3.1,3.05,2.84,2.63,1.5,2.7,1.5,2.63,1.5,2.53,1.49,2.78,1.53,0,2.03,1.83,2.08,1.85,2.03,1.84,1.97,1.8,2.07,1.91
I1,09/11/2025,14:00,Genoa,Fiorentina,2,2,D,1,1,D,10,7,6,3,20,15,3,7,2,3,0,0,2.75,3,2.75,2.8,3,2.75,2.85,3,2.7,2.7,3,2.7,2.8,3,2.7,2.8,3,2.7,2.75,3,2.7,2.84,3.01,2.87,2.85,3,2.83,2.78,2.97,2.73,2.88,3.05,3,2.5,1.53,2.56,1.53,2.55,1.55,2.47,1.51,2.6,1.59,0,1.93,1.93,1.94,1.96,1.93,1.93,1.88,1.88,1.95,2.03,3.1,2.7,2.8,2.88,2.88,2.75,2.85,2.88,2.85,2.9,2.8,2.8,2.9,2.85,2.75,2.9,2.87,2.75,2.87,2.8,2.75,3.05,2.9,2.83,3.1,2.88,2.85,2.92,2.82,2.76,3.15,2.96,2.9,3,1.4,2.97,1.41,3,1.45,2.78,1.41,3,1.48,0,2,1.85,2.04,1.89,2,1.85,1.93,1.82,2.08,1.9
I1,09/11/2025,17:00,Roma,Udinese,2,0,H,1,0,H,13,10,4,4,13,14,3,4,2,1,0,0,1.55,4,6.25,1.53,4,6.5,1.58,3.95,6,1.53,3.9,6,1.55,4,6,1.55,4,6,1.55,4,6,1.57,4.08,6.47,1.58,4,6.5,1.55,3.94,6.05,1.58,4.2,7.2,2.03,1.83,2.08,1.83,2.06,1.83,1.99,1.77,2.08,1.89,-1,1.98,1.88,2.02,1.89,2.05,1.88,1.98,1.8,2.01,1.93,1.53,4,6.5,1.5,4,7,1.55,4.1,6.5,1.53,4,6.5,1.52,4,6.75,1.53,4,6.5,1.5,4,6.5,1.54,4.01,7.34,1.55,4.1,7.5,1.52,3.96,6.68,1.56,4.1,8,2,1.8,2.15,1.76,2.1,1.85,2.03,1.75,2.16,1.85,-1,1.95,1.9,1.95,1.97,1.97,1.9,1.92,1.86,1.99,1.98
I1,09/11/2025,19:45,Inter,Lazio,2,0,H,1,0,H,8,8,3,5,26,11,3,1,3,1,0,0,1.36,5,8,1.33,5,9,1.34,5.5,8,1.33,4.8,8.5,1.37,5,8,1.36,5,8,1.36,5,8,1.36,5.69,7.78,1.4,5.5,9,1.35,5.02,8.09,1.38,5.9,8.8,1.67,2.2,1.7,2.23,1.67,2.2,1.65,2.16,1.74,2.32,-1.5,2.03,1.78,2.07,1.85,2.05,1.82,2,1.75,2.12,1.85,1.3,5.25,10,1.3,5,11,1.32,5.3,9,1.3,5.25,10,1.3,5.25,10.5,1.3,5.25,10,1.3,5.25,10,1.32,5.54,10.43,1.33,5.33,11,1.3,5.21,9.88,1.35,5.7,11.5,1.8,2,1.79,2.12,1.8,2.18,1.73,2.05,1.84,2.16,-1.5,1.93,1.93,1.95,1.97,1.93,1.93,1.89,1.87,1.97,1.97
I1,22/11/2025,14:00,Cagliari,Genoa,3,3,D,2,2,D,11,13,5,8,22,16,6,2,4,3,0,1,2.88,3,2.75,2.88,2.88,2.75,2.85,2.95,2.75,2.8,3,2.7,2.8,3,2.7,2.8,3,2.7,2.8,3,2.7,2.98,2.92,2.81,2.92,3,2.75,2.84,2.93,2.72,3.1,3,2.88,2.75,1.44,2.81,1.45,2.75,1.5,2.64,1.45,2.88,1.52,0,1.98,1.88,2.01,1.89,1.98,1.88,1.92,1.84,2.06,1.92,3.25,2.9,2.55,3.1,2.8,2.63,3.25,2.65,2.7,3.13,2.7,2.7,3.1,2.75,2.65,3.1,2.8,2.7,3.1,2.75,2.62,3.19,2.81,2.8,3.33,2.9,2.8,3.14,2.73,2.66,3.25,2.86,2.88,3.2,1.36,3.05,1.39,3.2,1.4,3.04,1.36,3.2,1.43,0,2.15,1.68,2.1,1.84,2.15,1.83,2.05,1.72,2.12,1.87
I1,22/11/2025,14:00,Udinese,Bologna,0,3,A,0,0,D,12,10,3,5,19,16,7,2,0,1,0,0,3.75,3.2,2.1,3.75,3.2,2.1,3.95,3.25,2.02,3.6,3.25,2.1,3.7,3.2,2.1,3.7,3.2,2.1,3.6,3.2,2.1,3.91,3.16,2.16,3.95,3.25,2.12,3.74,3.19,2.08,4,3.3,2.2,2.3,1.62,2.38,1.63,2.3,1.62,2.24,1.61,2.44,1.67,0.25,2.05,1.8,2.08,1.84,2.08,1.8,2.02,1.7,2.13,1.86,3,3.1,2.5,3,3,2.6,3.05,3.05,2.55,2.9,3.1,2.55,3,3,2.55,3,3,2.5,3,3,2.5,3.08,3.1,2.63,3.05,3.1,2.6,2.99,3.02,2.54,3.15,3.15,2.7,2.5,1.53,2.51,1.56,2.5,1.55,2.45,1.52,2.6,1.61,0,2.05,1.8,2.13,1.82,2.1,1.8,2.03,1.75,2.16,1.85
I1,22/11/2025,17:00,Fiorentina,Juventus,1,1,D,0,1,A,11,17,2,4,11,18,7,3,2,3,0,0,3.9,3.4,2,3.75,3.4,2,3.9,3.45,1.98,3.75,3.4,2,3.7,3.4,2.05,3.7,3.4,2.05,3.6,3.4,2.05,3.94,3.47,2.03,4,3.45,2.05,3.8,3.38,2,4.3,3.45,2.08,2.1,1.73,2.15,1.76,2.15,1.75,2.08,1.71,2.2,1.79,0.5,1.83,2.03,1.87,2.04,1.84,2.03,1.8,1.96,1.91,2.08,3.8,3.3,2.05,3.75,3.3,2.05,3.85,3.25,2.05,3.8,3.4,2,3.75,3.2,2.1,3.75,3.2,2.1,3.7,3.2,2.05,4.06,3.38,2.05,4,3.4,2.1,3.81,3.28,2.03,4.2,3.4,2.12,2.2,1.67,2.22,1.73,2.2,1.73,2.13,1.68,2.26,1.78,0.5,1.8,2.05,1.87,2.06,1.83,2.05,1.78,1.99,1.89,2.11
I1,22/11/2025,19:45,Napoli,Atalanta,3,1,H,3,0,H,11,14,6,3,11,12,5,3,1,2,0,0,2.25,3.25,3.4,2.2,3.25,3.4,2.12,3.35,3.55,2.2,3.3,3.3,2.2,3.3,3.4,2.2,3.3,3.4,2.15,3.25,3.3,2.27,3.22,3.54,2.25,3.35,3.55,2.19,3.25,3.4,2.32,3.35,3.65,2.1,1.73,2.15,1.76,2.1,1.75,2.05,1.73,2.18,1.82,-0.25,1.9,1.95,1.94,1.96,1.9,1.98,1.84,1.93,1.97,2.01,2.25,3.1,3.4,2.38,3.1,3.2,2.28,3.15,3.4,2.3,3.1,3.3,2.35,3.1,3.25,2.3,3.1,3.25,2.3,3.1,3.2,2.44,3.11,3.38,2.4,3.15,3.4,2.31,3.08,3.29,2.48,3.1,3.6,2.2,1.67,2.29,1.69,2.22,1.7,2.15,1.67,2.34,1.73,-0.25,1.98,1.88,2.07,1.86,2,1.88,1.93,1.84,2.08,1.91
I1,23/11/2025,11:30,Verona,Parma,1,2,A,0,1,A,10,15,2,7,24,6,4,4,4,3,0,0,2.25,3,3.6,2.38,3,3.4,2.35,3.1,3.3,2.25,3.1,3.3,2.25,3.1,3.4,2.25,3.1,3.4,2.25,3.1,3.4,2.3,3.13,3.59,2.38,3.1,3.6,2.29,3.05,3.36,2.34,3.1,3.85,2.5,1.53,2.53,1.54,2.55,1.53,2.48,1.5,2.64,1.58,-0.25,1.93,1.93,1.95,1.95,1.98,1.93,1.93,1.85,1.96,2,2.1,3.1,3.9,2.25,3.1,3.5,2.2,3.05,3.7,2.15,3,3.8,2.2,3,3.7,2.2,3,3.7,2.2,3,3.6,2.23,2.99,4.07,2.25,3.1,3.9,2.19,3,3.71,2.3,3.05,4.2,2.38,1.57,2.47,1.58,2.4,1.6,2.37,1.55,2.56,1.63,-0.25,1.8,2.05,1.88,2.05,1.86,2.05,1.82,1.96,1.92,2.07
I1,23/11/2025,14:00,Cremonese,Roma,1,3,A,0,1,A,9,12,4,6,12,16,3,5,2,2,0,0,6,3.75,1.62,5.5,3.75,1.67,6,3.8,1.61,5.5,3.7,1.6,5.5,3.75,1.63,5.5,3.75,1.65,5.5,3.75,1.61,5.79,3.9,1.65,6,3.8,1.67,5.62,3.74,1.62,6.4,3.9,1.69,2.1,1.73,2.14,1.76,2.14,1.75,2.07,1.71,2.14,1.83,0.75,2.03,1.83,2.07,1.85,2.03,1.83,1.99,1.78,2.09,1.87,5,3.5,1.75,5.5,3.6,1.67,5.8,3.6,1.66,5.5,3.4,1.7,5.25,3.5,1.7,5.25,3.5,1.7,5.25,3.5,1.7,5.78,3.49,1.74,5.8,3.6,1.75,5.41,3.5,1.69,6.2,3.7,1.75,2.2,1.67,2.28,1.68,2.25,1.68,2.17,1.66,2.38,1.7,0.75,1.88,1.98,1.93,1.99,1.96,1.98,1.89,1.88,1.97,2
I1,23/11/2025,17:00,Lazio,Lecce,2,0,H,1,0,H,19,5,9,1,8,13,8,2,1,1,0,0,1.62,3.7,6.25,1.62,3.75,6,1.61,3.8,5.8,1.6,3.6,5.75,1.62,3.8,5.75,1.61,3.8,5.75,1.61,3.75,5.5,1.63,3.75,6.34,1.63,3.8,6.25,1.61,3.7,5.83,1.68,3.8,6.4,2.2,1.67,2.27,1.68,2.2,1.68,2.15,1.65,2.32,1.73,-0.75,1.8,2.05,1.83,2.08,1.8,2.05,1.77,2,1.87,2.09,1.83,3.1,5.25,1.83,3.25,5,1.73,3.25,5.8,1.75,3.2,5.75,1.8,3.1,5.25,1.8,3.1,5.25,1.8,3.1,5.25,1.83,3.27,5.55,1.92,3.25,5.8,1.79,3.16,5.35,1.85,3.4,6,2.63,1.5,2.7,1.5,2.7,1.5,2.56,1.48,2.82,1.54,-0.5,1.83,2.03,1.84,2.1,1.91,2.12,1.76,2.03,1.85,2.16
I1,23/11/2025,19:45,Inter,Milan,0,1,A,0,0,D,20,7,6,3,7,9,9,1,1,2,0,0,1.9,3.5,4,1.95,3.5,4,1.9,3.5,4.1,1.93,3.5,3.7,1.9,3.5,4,1.83,3.3,3.75,1.83,3.3,3.75,1.99,3.48,4.09,1.95,3.5,4.25,1.91,3.44,3.95,2.04,3.6,4.2,1.88,1.98,1.89,1.99,1.91,1.98,1.85,1.9,1.91,2.04,-0.5,1.95,1.9,2,1.91,1.95,1.91,1.89,1.88,2.04,1.93,2.05,3.2,4,2,3.3,3.75,2.05,3.05,4.2,2.05,3.25,3.8,2.1,3.2,3.8,2,3,3.5,2,3,3.5,2.1,3.2,4.17,2.14,3.3,4.2,2.04,3.13,3.89,2.12,3.25,4.4,2.1,1.73,2.14,1.78,2.1,1.78,2.06,1.73,2.18,1.84,-0.5,2.03,1.83,2.11,1.83,2.08,1.83,2.02,1.77,2.1,1.9
I1,24/11/2025,17:30,Torino,Como,1,5,A,1,1,D,10,15,2,7,6,9,3,4,0,1,0,0,3.5,3.25,2.2,3.5,3.2,2.2,3.6,3.25,2.14,3.3,3.13,2.2,3.3,3.25,2.2,3.3,3.25,2.2,3.3,3.25,2.2,3.52,3.24,2.27,3.6,3.25,2.2,3.42,3.19,2.18,3.8,3.2,2.28,2.3,1.62,2.37,1.63,2.33,1.65,2.26,1.6,2.36,1.67,0.25,1.93,1.93,1.96,1.94,1.98,1.93,1.93,1.79,2.01,1.92,3.6,3.1,2.2,3.4,3.1,2.3,3.6,3.15,2.2,3.5,3.13,2.2,3.5,3.1,2.25,3.5,3.1,2.25,3.5,3.1,2.25,3.74,3.18,2.24,3.6,3.15,2.3,3.52,3.1,2.22,4,3.15,2.26,2.38,1.57,2.46,1.58,2.5,1.6,2.37,1.55,2.58,1.62,0.25,1.98,1.88,2.02,1.91,1.98,1.88,1.92,1.79,2.07,1.91
I1,24/11/2025,19:45,Sassuolo,Pisa,2,2,D,1,1,D,22,10,7,3,10,10,5,2,2,1,0,0,2.1,3.2,3.75,2.1,3.25,3.75,2.04,3.25,3.95,2.05,3.25,3.6,2.05,3.3,3.8,2.05,3.3,3.8,2.05,3.25,3.75,2.1,3.24,4.01,2.1,3.3,4,2.04,3.22,3.8,2.12,3.2,4.2,2.3,1.62,2.33,1.65,2.3,1.67,2.22,1.62,2.32,1.67,-0.5,2.08,1.73,2.11,1.81,2.08,1.83,2,1.77,2.13,1.83,2,3.25,4.1,2,3.3,4,2,3.15,4.25,1.95,3.2,4.2,2.05,3.2,4,2.05,3.2,4,2,3.2,3.9,2.05,3.25,4.28,2.05,3.3,4.25,1.99,3.2,4.07,2.08,3.35,4.5,2.2,1.67,2.32,1.67,2.28,1.67,2.22,1.63,2.4,1.71,-0.5,2,1.85,2.06,1.87,2,1.85,1.96,1.81,2.06,1.92
I1,28/11/2025,19:45,Como,Sassuolo,2,0,H,1,0,H,18,12,13,5,11,7,4,4,2,1,0,0,1.73,3.6,5,1.67,3.6,5,1.65,3.95,5.1,1.7,3.75,4.8,1.68,3.8,5,1.7,3.8,5,1.67,3.75,5,1.76,3.79,5.06,1.75,3.95,5.1,1.69,3.76,4.93,1.78,3.85,5.5,1.91,1.91,1.99,1.92,1.91,1.92,1.89,1.86,1.99,1.99,-0.75,1.98,1.88,1.99,1.93,1.98,22,1.86,4.42,2.01,1.96,1.8,3.6,4.5,1.8,3.5,4.33,1.79,3.4,4.9,1.8,3.7,4.33,1.77,3.6,4.6,1.75,3.6,4.6,1.75,3.6,4.6,1.87,3.48,4.85,1.85,3.7,5,1.79,3.5,4.62,1.88,3.6,5.1,1.91,1.91,1.95,1.95,1.91,1.95,1.86,1.88,2,1.99,-0.5,1.8,2.05,1.88,2.06,1.83,2.28,1.72,2.08,1.89,2.11
I1,29/11/2025,14:00,Genoa,Verona,2,1,H,1,1,D,15,13,4,5,9,19,2,3,1,3,0,0,2.05,3,4.2,2.1,3,4,2.02,3.05,4.3,2.05,3,4.1,2.05,3,4.1,2.05,3,4,2.05,3,4,2.08,3.08,4.38,2.1,3.1,4.33,2.04,3.01,4.13,2.16,3.1,4.6,2.75,1.44,2.78,1.47,2.85,1.5,2.69,1.44,2.86,1.51,-0.5,2.05,1.8,2.09,1.83,2.05,1.83,1.99,1.77,2.16,1.85,2.05,2.8,4.5,2.05,2.88,4.5,2.02,2.9,4.7,2,2.9,4.6,2.05,2.9,4.5,1.95,2.75,4.2,2,2.9,4.4,2.09,2.84,5.06,2.05,3,4.75,2.02,2.88,4.5,2.1,2.96,5.3,3.2,1.36,3.05,1.4,3.2,1.44,2.86,1.39,3.15,1.46,-0.5,2.05,1.8,2.1,1.84,2.05,1.83,1.99,1.79,2.1,1.89
I1,29/11/2025,14:00,Parma,Udinese,0,2,A,0,1,A,17,14,2,5,6,19,5,9,1,2,1,1,2.7,3,2.8,2.63,3.1,2.75,2.6,3.15,2.88,2.63,3.2,2.75,2.6,3.2,2.75,2.6,3.2,2.75,2.6,3.2,2.75,2.77,3.12,2.85,2.75,3.2,2.88,2.64,3.09,2.8,2.86,3.15,2.98,2.3,1.62,2.4,1.62,2.3,1.62,2.25,1.6,2.44,1.66,0,1.88,1.98,1.93,1.98,1.88,22,1.84,5.27,1.95,2.03,2.75,3,2.7,2.63,3.1,2.75,2.75,3,2.8,2.75,3.1,2.7,2.65,3.1,2.8,2.62,3.1,2.8,2.62,3.1,2.8,2.87,3.02,2.87,2.75,3.1,2.83,2.7,3.03,2.77,2.92,3.1,2.94,2.2,1.67,2.24,1.71,2.28,1.7,2.19,1.65,2.3,1.75,0,1.98,1.88,1.96,1.96,1.98,1.95,1.88,1.88,1.98,2.01
I1,29/11/2025,17:00,Juventus,Cagliari,2,1,H,2,1,H,14,5,6,3,16,16,1,6,1,5,0,0,1.3,5.5,10,1.3,5,11,1.32,5,11,1.3,5,11,1.35,4.8,9.75,1.3,4.5,8.5,1.3,4.5,8.5,1.33,5.44,9.97,1.35,5.5,11,1.31,4.92,10.14,1.35,5.6,12,1.93,1.93,1.93,1.95,1.93,1.93,1.91,1.85,1.98,1.97,-1.5,2.03,1.83,2.05,1.87,2.03,1.83,1.98,1.78,2.08,1.87,1.22,6,13,1.22,6,13,1.23,6.25,13,1.2,6.5,13,1.22,6.5,13,1.22,6.5,13,1.22,6.5,13,1.23,6.52,13.91,1.24,6.5,14,1.22,6.18,12.97,1.26,6.8,15.5,1.62,2.3,1.61,2.39,1.62,2.4,1.58,2.32,1.67,2.46,-1.75,1.85,2,1.89,2.01,1.88,2,1.84,1.93,1.95,2
I1,29/11/2025,19:45,Milan,Lazio,1,0,H,0,0,D,16,9,4,4,10,12,1,4,3,3,0,0,1.62,3.8,5.75,1.6,3.75,6,1.64,3.85,5.5,1.62,3.75,5.75,1.61,3.75,5.75,1.61,3.75,5.75,1.61,3.75,5.75,1.63,4.03,5.67,1.64,3.9,6,1.61,3.78,5.72,1.67,4,6.4,2.1,1.73,2.2,1.72,2.15,1.73,2.1,1.69,2.28,1.76,-0.75,1.8,2.05,1.83,2.09,1.84,22,1.8,4.48,1.86,2.12,1.65,3.75,5.5,1.7,3.6,5,1.66,3.6,5.8,1.67,3.7,5.25,1.66,3.75,5.25,1.67,3.75,5.25,1.67,3.7,5.25,1.7,3.73,5.64,1.7,3.75,5.8,1.66,3.67,5.38,1.74,3.8,6,2.1,1.73,2.13,1.78,2.1,1.78,2.05,1.73,2.2,1.81,-0.75,1.85,2,1.92,2.01,1.85,2,1.83,1.94,1.95,2.03
I1,30/11/2025,11:30,Lecce,Torino,2,1,H,2,0,H,10,15,2,6,16,22,6,6,2,3,0,0,3,2.88,2.7,3,2.88,2.6,2.9,3.05,2.63,2.9,3,2.55,2.95,2.95,2.6,3,3,2.6,2.9,2.9,2.6,3.08,2.99,2.67,3.1,3.05,2.7,2.95,2.95,2.61,3.2,3,2.74,2.75,1.44,2.73,1.48,2.75,1.5,2.59,1.47,2.8,1.52,0,2.05,1.8,2.1,1.82,2.05,22,2,5.14,2.16,1.83,3,2.88,2.63,3,2.88,2.6,3.15,2.9,2.55,3,2.88,2.63,3,2.85,2.65,3,2.87,2.62,3,2.87,2.62,3.19,2.89,2.71,3.15,2.9,2.7,3.05,2.86,2.6,3.25,2.92,2.84,2.63,1.5,2.74,1.49,2.63,1.5,2.6,1.47,2.82,1.52,0,2.05,1.8,2.14,1.81,2.1,1.8,2.03,1.75,2.12,1.87
I1,30/11/2025,14:00,Pisa,Inter,0,2,A,0,0,D,10,14,2,3,13,15,4,6,2,1,0,0,8,5.75,1.3,10,5,1.3,10,5.2,1.32,10,5,1.29,9,5,1.34,9,5,1.35,9,5,1.33,9.18,5.73,1.32,10,5.75,1.35,9.34,5.16,1.31,10.5,5.8,1.34,1.73,2.1,1.75,2.16,1.75,2.1,1.72,2.06,1.81,2.18,1.5,1.88,1.98,1.93,1.97,1.9,1.98,1.82,1.94,1.92,2.03,10,6.25,1.25,12,6,1.22,13,6.25,1.22,12,6,1.22,11,6.25,1.26,11,6,1.25,9.5,5.75,1.22,12.05,6.55,1.25,13,6.5,1.27,11.5,6,1.23,13.5,6.8,1.28,1.53,2.5,1.56,2.5,1.58,2.5,1.53,2.41,1.6,2.6,1.75,1.93,1.93,1.95,1.95,1.93,2,1.88,1.89,2,1.94
I1,30/11/2025,17:00,Atalanta,Fiorentina,2,0,H,1,0,H,21,15,9,3,15,10,4,5,1,3,0,0,1.73,3.75,4.75,1.73,3.75,4.6,1.71,3.85,4.75,1.67,3.75,4.75,1.73,3.75,4.6,1.75,3.75,4.6,1.73,3.7,4.6,1.74,3.9,4.91,1.75,4,4.75,1.71,3.78,4.65,1.75,3.95,5.4,1.91,1.91,1.9,1.98,1.91,1.95,1.85,1.9,1.94,2.02,-0.75,1.93,1.93,1.95,1.95,1.93,22,1.89,4.39,1.96,1.99,1.62,4,5.25,1.62,3.75,5.5,1.66,3.75,5.4,1.62,3.9,5.5,1.66,3.8,5.25,1.67,3.8,5.25,1.65,3.8,5.25,1.7,3.78,5.51,1.67,4,5.6,1.63,3.84,5.38,1.74,3.85,5.9,1.85,2,1.91,1.99,1.91,2,1.84,1.92,1.95,2.02,-0.75,1.78,2.1,1.91,2.02,1.84,2.1,1.79,1.99,1.93,2.06
I1,30/11/2025,19:45,Roma,Napoli,0,1,A,0,1,A,8,8,2,5,14,13,4,2,4,3,0,0,2.6,2.88,3.1,2.5,3,3,2.55,2.9,3.15,2.55,2.88,3,2.5,2.95,3.1,2.5,3,3.1,2.5,2.9,3.1,2.7,2.92,3.12,2.63,3,3.2,2.54,2.89,3.08,2.78,3,3.2,2.5,1.53,2.53,1.54,2.55,1.55,2.46,1.52,2.6,1.59,0,1.78,2.1,1.82,2.11,1.78,22,1.72,5.37,1.85,2.13,2.75,2.75,3.1,2.75,2.8,3,2.75,2.7,3.1,2.7,2.8,3,2.7,2.8,3,2.7,2.8,3,2.7,2.8,3,2.86,2.8,3.12,2.8,2.8,3.1,2.72,2.75,3.03,2.92,2.82,3.3,3,1.4,2.91,1.44,3,1.46,2.73,1.43,3,1.48,0,1.83,2.03,1.88,2.05,1.83,2.03,1.8,1.97,1.88,2.12
I1,01/12/2025,19:45,Bologna,Cremonese,1,3,A,1,2,A,29,10,7,5,13,12,13,8,0,2,0,0,1.48,4,8,1.44,4,8,1.46,4.25,7.5,1.44,4,7.5,1.46,4.33,7.25,1.44,4.33,7.5,1.44,4.33,7,1.47,4.36,7.83,1.48,4.33,8,1.45,4.15,7.53,1.5,4.5,8.8,2,1.8,2.13,1.77,2.1,1.8,2.01,1.76,2.14,1.8,-1,1.8,2.05,1.82,2.11,1.8,22,1.75,4.24,1.85,2.1,1.53,4,6.5,1.5,4.2,6.5,1.49,4.2,6.75,1.5,4,7,1.52,4.1,6.5,1.53,4.2,6.5,1.5,4,6.5,1.54,4.13,6.96,1.55,4.2,7,1.51,4.06,6.58,1.57,4.3,7.4,1.88,1.98,1.91,2,1.92,2,1.83,1.93,1.95,2.04,-1,1.88,1.98,1.93,2,1.9,2.02,1.83,1.95,1.95,2.02
I1,06/12/2025,14:00,Sassuolo,Fiorentina,3,1,H,2,1,H,13,9,5,1,15,15,7,1,2,3,0,0,2.88,3.25,2.5,2.88,3.2,2.5,2.85,3.25,2.5,2.9,3.1,2.55,2.75,3.3,2.55,2.75,3.3,2.5,2.75,3.3,2.5,3.04,3.26,2.51,3,3.3,2.55,2.87,3.21,2.5,3.15,3.25,2.6,2.1,1.73,2.16,1.75,2.12,1.73,2.06,1.72,2.26,1.72,0,2.05,1.8,2.15,1.77,2.1,1.83,2.02,1.75,2.19,1.81,2.7,3.25,2.63,2.75,3.2,2.6,2.88,3.15,2.6,2.75,3.13,2.63,2.85,3.2,2.55,2.8,3.2,2.6,2.8,3.2,2.5,2.91,3.2,2.7,2.88,3.25,2.7,2.79,3.14,2.61,3,3.2,2.74,2.1,1.73,2.14,1.78,2.1,1.78,2.07,1.72,2.2,1.81,0,1.95,1.9,2.04,1.89,1.96,1.9,1.92,1.84,2.09,1.9
I1,06/12/2025,17:00,Inter,Como,4,0,H,1,0,H,11,15,7,3,16,13,7,4,1,2,0,0,1.53,4.33,6,1.53,4.2,6,1.53,4.1,6.4,1.5,4.2,6.5,1.55,4.33,5.75,1.55,4.33,5.75,1.55,4.2,5.5,1.53,4.43,6.34,1.55,4.33,6.5,1.52,4.21,6.04,1.57,4.6,6.8,1.8,2,1.79,2.1,1.8,2.05,1.76,2,1.83,2.14,-1,1.88,1.98,1.91,2,1.9,1.98,1.87,1.91,1.93,2.06,1.55,4.33,5.5,1.53,4.2,6,1.53,4.2,6.4,1.53,4.33,5.75,1.57,4.2,5.5,1.57,4.2,5.5,1.55,4.2,5.5,1.56,4.3,6.18,1.57,4.33,6.4,1.54,4.2,5.76,1.59,4.3,7,1.73,2.1,1.7,2.24,1.73,2.2,1.68,2.13,1.76,2.3,-1,1.93,1.93,1.95,1.97,1.93,1.94,1.87,1.9,1.96,1.99
I1,06/12/2025,19:45,Verona,Atalanta,3,1,H,2,0,H,12,12,7,5,14,7,5,5,2,1,0,0,5,4,1.67,5.5,3.75,1.62,5.4,3.8,1.65,5.25,3.8,1.65,4.8,3.8,1.7,4.8,3.8,1.7,4.8,3.8,1.7,5.3,4.18,1.64,5.5,4,1.7,5.08,3.85,1.66,5.8,4.1,1.7,1.93,1.93,1.95,1.93,1.95,1.93,1.91,1.85,1.99,1.94,0.75,2.03,1.83,2.06,1.85,2.03,1.86,1.96,1.82,2.08,1.89,5.25,3.8,1.67,5.5,3.75,1.62,6.1,3.6,1.63,5.25,3.8,1.65,5,3.7,1.7,5,3.7,1.7,5,3.7,1.7,6,3.77,1.66,6.1,3.8,1.7,5.49,3.68,1.65,6.2,3.9,1.71,1.91,1.91,2.01,1.89,1.96,1.91,1.91,1.85,2.02,1.96,0.75,2,1.85,2.06,1.87,2,1.85,1.97,1.8,2.1,1.89
I1,07/12/2025,11:30,Cremonese,Lecce,2,0,H,0,0,D,11,9,4,1,15,12,5,5,1,2,0,0,2.4,3.1,3.2,2.4,3,3.2,2.48,3.05,3.1,2.38,3,3.1,2.4,3,3.2,2.45,3,3.2,2.4,3,3.1,2.49,3.05,3.3,2.5,3.1,3.25,2.43,3.01,3.15,2.52,3.05,3.4,2.5,1.53,2.59,1.54,2.55,1.53,2.47,1.51,2.64,1.57,-0.25,2.05,1.8,2.1,1.82,2.08,1.8,2.03,1.74,2.14,1.87,2.38,3.1,3.25,2.38,3,3.2,2.35,3.05,3.35,2.3,3.1,3.25,2.37,3,3.25,2.37,3,3.25,2.37,3,3.25,2.35,3.09,3.58,2.38,3.1,3.4,2.35,3.02,3.28,2.4,3.15,3.7,2.3,1.62,2.36,1.64,2.38,1.67,2.27,1.6,2.38,1.69,-0.25,2.03,1.83,1.99,1.93,2.03,1.85,1.97,1.81,2.02,1.96
I1,07/12/2025,14:00,Cagliari,Roma,1,0,H,0,0,D,15,6,8,2,18,16,4,1,2,1,0,1,5.25,3.6,1.67,5.5,3.5,1.67,5.25,3.7,1.68,5.25,3.5,1.65,5.25,3.6,1.68,5.25,3.7,1.7,5.25,3.6,1.67,5.5,3.76,1.7,5.5,3.7,1.71,5.26,3.6,1.68,6.4,3.8,1.71,2.2,1.67,2.27,1.68,2.2,1.68,2.16,1.65,2.3,1.73,0.75,1.98,1.88,1.98,1.93,1.98,1.9,1.91,1.86,2.04,1.93,5.75,3.5,1.65,6,3.5,1.62,6,3.6,1.65,5.75,3.6,1.65,5.75,3.5,1.66,5.75,3.6,1.67,5.75,3.5,1.65,6.4,3.5,1.7,6,3.66,1.67,5.86,3.54,1.64,6.6,3.65,1.73,2.38,1.57,2.36,1.64,2.38,1.64,2.24,1.61,2.44,1.66,0.75,1.98,1.88,2.01,1.92,2,1.88,1.95,1.82,2.02,1.95
I1,07/12/2025,17:00,Lazio,Bologna,1,1,D,1,1,D,16,13,9,6,13,18,7,3,4,3,1,0,2.6,3.1,2.9,2.63,3,2.88,2.6,3.1,2.88,2.55,3,2.88,2.65,3,2.8,2.7,3,2.8,2.62,3,2.8,2.65,3.1,3.01,2.7,3.1,3,2.6,3.02,2.87,2.72,3.1,3.1,2.5,1.53,2.6,1.53,2.5,1.55,2.43,1.52,2.62,1.58,0,1.8,2.05,1.83,2.09,1.85,2.05,1.77,1.98,1.85,2.13,2.25,3,3.4,2.3,3.1,3.25,2.38,2.9,3.5,2.25,3.2,3.3,2.3,3,3.5,2.3,3,3.5,2.25,3,3.4,2.35,3.1,3.53,2.38,3.2,3.6,2.31,2.99,3.42,2.38,3.15,3.7,2,1.8,2.1,1.79,2.1,1.8,2.04,1.74,2.16,1.84,-0.25,1.93,1.93,2,1.93,1.97,1.93,1.93,1.84,2,1.97
I1,07/12/2025,19:45,Napoli,Juventus,2,1,H,1,0,H,9,5,4,2,6,15,9,0,2,1,0,0,2.35,3,3.2,2.38,3,3.25,2.4,3.05,3.3,2.38,2.9,3.25,2.3,3,3.4,2.3,3.1,3.4,2.3,3,3.3,2.49,2.97,3.38,2.45,3.1,3.4,2.37,2.97,3.28,2.56,3.05,3.45,2.5,1.53,2.55,1.55,2.55,1.55,2.44,1.52,2.6,1.59,-0.25,2.05,1.8,2.1,1.83,2.05,1.8,1.99,1.77,2.14,1.84,2.55,2.8,3.1,2.6,2.88,3,2.5,2.88,3.25,2.6,2.8,3.13,2.6,2.85,3.1,2.62,2.8,3.1,2.6,2.8,3.1,2.75,2.82,3.2,2.71,2.88,3.25,2.58,2.81,3.13,2.78,2.92,3.35,3,1.4,2.92,1.43,3,1.46,2.72,1.43,2.92,1.51,0,1.75,2.13,1.82,2.13,1.77,2.15,1.72,2.07,1.82,2.2
I1,08/12/2025,14:00,Pisa,Parma,0,1,A,0,1,A,14,9,2,2,15,7,6,0,2,2,1,0,2.4,3,3.3,2.38,3,3.25,2.4,3.05,3.25,2.38,3,3.1,2.37,3,3.2,2.37,3,3.2,2.37,3,3.2,2.5,2.97,3.38,2.45,3.05,3.33,2.38,2.99,3.23,2.6,3,3.5,2.5,1.53,2.52,1.55,2.5,1.55,2.43,1.52,2.56,1.6,-0.25,2.05,1.8,2.1,1.82,2.05,1.8,1.99,1.78,2.16,1.84,2.55,3.1,3,2.5,3.1,3,2.55,2.95,3.1,2.5,3.1,3,2.45,3,3.1,2.45,3,3.1,2.45,3,3.1,2.56,3.07,3.2,2.55,3.1,3.14,2.49,3.02,3.06,2.64,3.15,3.25,2.2,1.67,2.29,1.68,2.28,1.67,2.21,1.63,2.34,1.72,-0.25,2.1,1.7,2.17,1.79,2.12,1.75,2.09,1.7,2.23,1.8
I1,08/12/2025,17:00,Udinese,Genoa,1,2,A,0,1,A,23,12,6,6,16,12,6,2,1,0,0,0,2.4,3,3.3,2.4,3,3.2,2.48,3.1,3.1,2.4,3,3.1,2.4,3.1,3.1,2.4,3.1,3.1,2.4,3.1,3.1,2.51,3,3.32,2.48,3.1,3.3,2.42,3.02,3.13,2.6,3,3.4,2.5,1.53,2.52,1.55,2.5,1.55,2.43,1.53,2.56,1.6,-0.25,2.05,1.8,2.12,1.81,2.08,1.8,2.04,1.74,2.17,1.82,2.5,2.88,3.3,2.5,2.88,3.25,2.43,2.85,3.5,2.45,2.9,3.25,2.45,2.87,3.25,2.45,2.87,3.25,2.45,2.87,3.25,2.51,2.94,3.46,2.5,2.9,3.5,2.44,2.85,3.33,2.56,3,3.6,3,1.4,2.92,1.43,3,1.44,2.79,1.41,2.96,1.5,-0.25,2.1,1.78,2.1,1.83,2.1,1.81,2.01,1.78,2.12,1.87
I1,08/12/2025,19:45,Torino,Milan,2,3,A,2,1,H,8,17,4,6,16,7,2,4,2,1,0,0,4.5,3.6,1.8,4.6,3.5,1.8,4.5,3.55,1.82,4.6,3.5,1.75,4.33,3.5,1.83,4.33,3.5,1.83,4.33,3.5,1.83,4.89,3.61,1.8,4.8,3.6,1.83,4.53,3.5,1.79,5.4,3.6,1.82,2,1.8,2.14,1.77,2.1,1.8,2.02,1.75,2.16,1.79,0.5,2.03,1.78,2.11,1.8,2.05,1.8,2,1.75,2.17,1.82,5.5,3.7,1.65,5.5,3.75,1.62,5.6,3.65,1.67,5.5,3.8,1.62,5.25,3.7,1.68,5.25,3.7,1.67,5.25,3.6,1.67,5.91,3.8,1.66,5.7,3.8,1.68,5.47,3.71,1.64,6,3.9,1.7,2.05,1.8,2.07,1.85,2.05,1.83,1.99,1.78,2.12,1.88,0.75,2,1.85,2.06,1.87,2,1.85,1.96,1.82,2.1,1.9
I1,12/12/2025,19:45,Lecce,Pisa,1,0,H,0,0,D,21,5,3,0,17,6,12,1,2,1,0,0,2.5,2.88,3.3,2.5,2.88,3.25,2.55,2.8,3.3,2.5,2.8,3.3,2.45,2.87,3.3,2.45,2.87,3.3,2.45,2.87,3.3,2.54,2.9,3.45,2.55,2.9,3.4,2.47,2.83,3.3,2.6,2.94,3.6,2.75,1.44,2.9,1.44,2.8,1.47,2.7,1.43,3,1.48,-0.25,2.1,1.78,2.13,1.82,2.1,1.78,2.06,1.74,2.15,1.85,2.45,2.8,3.3,2.5,2.88,3.25,2.45,2.8,3.45,2.45,2.8,3.4,2.45,2.87,3.3,2.45,2.87,3.3,2.45,2.87,3.3,2.61,2.86,3.39,2.54,2.88,3.45,2.46,2.81,3.32,2.66,2.98,3.4,3,1.4,2.9,1.44,3,1.45,2.77,1.42,3,1.49,-0.25,2.1,1.78,2.18,1.78,2.1,1.78,2.04,1.76,2.21,1.81
I1,13/12/2025,14:00,Torino,Cremonese,1,0,H,1,0,H,18,10,6,3,20,13,6,6,1,2,0,0,1.95,3.25,4.2,1.95,3.3,4,1.96,3.25,4.25,2,3.3,3.9,1.95,3.25,4.1,1.95,3.25,4.2,1.95,3.2,4.2,2.01,3.2,4.43,2,3.3,4.33,1.96,3.21,4.15,2.06,3.35,4.5,2.2,1.67,2.29,1.68,2.25,1.67,2.19,1.64,2.36,1.7,-0.5,2,1.85,2.02,1.88,2,1.85,1.92,1.8,2.06,1.92,2,3.3,3.9,2,3.4,3.75,2,3.3,4,2,3.5,3.7,2,3.3,3.9,2,3.3,3.9,2,3.3,3.8,2.08,3.44,3.89,2,3.5,4,1.99,3.36,3.84,2.06,3.55,4.2,2,1.85,2.06,1.86,2,1.91,1.93,1.83,2.06,1.92,-0.5,2,1.85,2.09,1.85,2,1.85,1.94,1.8,2.06,1.92
I1,13/12/2025,17:00,Parma,Lazio,0,1,A,0,0,D,19,15,5,5,14,8,4,4,2,1,0,2,3.6,3.3,2.1,3.6,3.2,2.1,3.6,3.3,2.14,3.6,3.25,2.1,3.6,3.3,2.1,3.6,3.3,2.1,3.6,3.25,2.05,3.83,3.34,2.11,3.8,3.33,2.14,3.62,3.25,2.09,4,3.4,2.16,2.3,1.62,2.36,1.64,2.3,1.62,2.24,1.61,2.42,1.67,0.25,2.05,1.8,2.11,1.82,2.05,1.82,1.98,1.73,2.14,1.84,3.9,3.25,2.05,3.6,3.2,2.1,3.9,3.15,2.08,3.7,3.3,2.05,3.8,3.1,2.1,3.8,3.1,2.1,3.8,3.1,2.1,4,3.22,2.14,3.9,3.3,2.1,3.78,3.16,2.08,4.1,3.3,2.18,2.3,1.62,2.36,1.64,2.3,1.65,2.26,1.6,2.4,1.7,0.25,2.08,1.73,2.12,1.83,2.08,1.76,2.03,1.69,2.15,1.85
I1,13/12/2025,19:45,Atalanta,Cagliari,2,1,H,1,0,H,17,8,8,1,13,15,5,4,1,2,0,0,1.33,5,9.5,1.33,5,9.5,1.3,5.4,10,1.3,5.25,10,1.35,5.25,8.5,1.35,5.25,8.5,1.35,5.25,8.5,1.35,5.48,8.72,1.36,5.4,10,1.32,5.14,9.23,1.37,5.6,10.5,1.73,2.1,1.74,2.18,1.73,2.2,1.67,2.13,1.76,2.24,-1.5,2,1.85,2.04,1.87,2,1.85,1.94,1.79,2.08,1.88,1.33,5,8.5,1.33,5,9.5,1.32,5.3,9.5,1.33,5,9,1.35,5,9,1.35,5,9,1.35,5,8.5,1.35,5.28,9.55,1.35,5.33,9.5,1.33,5.07,9.09,1.38,5.4,10.5,1.8,2,1.78,2.14,1.8,2.2,1.7,2.1,1.82,2.2,-1.5,2.03,1.83,2.04,1.89,2.03,1.85,1.96,1.79,2.06,1.93
I1,14/12/2025,11:30,Milan,Sassuolo,2,2,D,1,1,D,13,8,5,3,12,12,7,3,1,3,0,0,1.42,4.33,8,1.4,4.5,8,1.4,4.7,8,1.4,4.4,7.5,1.43,4.6,7.25,1.44,4.6,7.5,1.44,4.6,7,1.42,4.78,8.05,1.44,4.75,8.7,1.4,4.54,7.72,1.46,4.9,9,1.83,2.03,1.85,2.05,1.83,2.06,1.77,1.98,1.89,2.06,-1.25,1.98,1.88,1.97,1.93,1.98,1.91,1.89,1.87,2,1.94,1.5,4.33,6,1.44,4.2,7.5,1.5,4.1,7,1.5,4.2,6.5,1.49,4.4,6.5,1.5,4.4,6.5,1.48,4.33,6.5,1.48,4.5,7.7,1.5,4.5,7.5,1.48,4.24,6.75,1.51,4.6,8,1.9,1.95,1.98,1.93,1.91,1.95,1.86,1.89,2,1.98,-1,1.88,1.98,1.84,2.1,1.88,2.08,1.82,1.96,1.85,2.13
I1,14/12/2025,14:00,Fiorentina,Verona,1,2,A,0,1,A,20,13,4,3,10,22,9,4,1,5,0,0,1.8,3.4,4.75,1.83,3.3,4.6,1.86,3.4,4.5,1.8,3.4,4.5,1.85,3.4,4.33,1.85,3.5,4.33,1.85,3.4,4.33,1.81,3.62,4.83,1.86,3.6,4.75,1.82,3.42,4.51,1.86,3.6,5.2,2.2,1.67,2.25,1.69,2.2,1.67,2.17,1.65,2.3,1.73,-0.5,1.8,2.05,1.81,2.09,1.83,2.05,1.77,1.97,1.86,2.13,1.95,3.2,4.33,2,3.25,4,2,3.25,4.1,1.95,3.25,4.1,1.98,3.1,4.2,2,3.1,4.2,2,3.1,4.2,2.03,3.2,4.47,2.05,3.4,4.33,1.98,3.18,4.15,2.06,3.3,4.7,2.38,1.57,2.46,1.6,2.45,1.65,2.3,1.58,2.44,1.66,-0.5,1.98,1.88,2.04,1.89,2,1.88,1.93,1.81,2.06,1.93
I1,14/12/2025,14:00,Udinese,Napoli,1,0,H,0,0,D,18,7,5,0,16,9,1,3,1,0,0,0,4.5,3.4,1.85,4.33,3.3,1.9,4.3,3.35,1.91,4.4,3.3,1.83,4.5,3.3,1.88,4.5,3.3,1.91,4.4,3.3,1.85,4.6,3.55,1.86,4.5,3.4,1.91,4.38,3.33,1.86,5.2,3.5,1.88,2.3,1.62,2.41,1.62,2.35,1.62,2.29,1.58,2.44,1.66,0.5,2,1.85,2.04,1.87,2,1.85,1.91,1.81,2.1,1.88,4.33,3.4,1.9,4.33,3.3,1.9,4.7,3.3,1.87,4.4,3.4,1.87,4.4,3.25,1.9,4.4,3.25,1.91,4.33,3.25,1.91,4.84,3.37,1.9,4.75,3.4,1.91,4.47,3.29,1.87,5.1,3.4,1.95,2.3,1.62,2.38,1.63,2.38,1.62,2.29,1.59,2.44,1.66,0.5,1.98,1.88,2.02,1.91,1.98,1.88,1.89,1.83,2.04,1.95
I1,14/12/2025,17:00,Genoa,Inter,1,2,A,0,2,A,5,18,3,8,10,20,1,6,2,3,0,0,6.5,4.2,1.5,6.5,4,1.53,6.75,3.95,1.54,6.5,3.9,1.5,6.25,4,1.55,6,4,1.55,6,4,1.53,6.67,4.38,1.52,6.75,6.8,4,6.37,4.2,1.67,7.2,4.3,1.57,2,1.8,2.02,1.87,2.02,1.83,1.97,1.77,2.04,1.9,1,1.98,1.88,2.03,1.88,1.98,1.94,1.9,1.88,2.01,1.95,7.5,4.2,1.45,7.5,4,1.5,7.5,4.1,1.48,7.5,4.2,1.45,6.75,4.1,1.51,7,4,1.5,6.5,4,1.5,7.52,4.37,1.49,7.5,4.33,1.55,7.15,4.11,1.47,8.6,4.4,1.51,2.05,1.8,2.01,1.9,2.05,1.86,1.96,1.79,2.06,1.91,1,2.1,1.78,2.1,1.84,2.1,1.84,2.02,1.77,2.12,1.86
I1,14/12/2025,19:45,Bologna,Juventus,0,1,A,0,0,D,11,13,4,3,10,11,3,4,3,1,1,0,2.88,3.25,2.5,2.88,3.1,2.6,3.05,3.2,2.43,2.8,3.13,2.5,2.85,3.25,2.5,2.8,3.25,2.5,2.8,3.2,2.5,2.95,3.2,2.62,3.05,3.25,2.6,2.87,3.16,2.51,3.05,3.15,2.76,2.2,1.67,2.28,1.68,2.25,1.67,2.2,1.63,2.32,1.7,0,2.05,1.8,2.07,1.84,2.05,1.83,1.99,1.77,2.08,1.9,3.4,3.1,2.25,3.25,3.25,2.25,3.3,3.15,2.3,3.4,3.13,2.2,3.2,3.25,2.3,3.2,3.25,2.3,3.2,3.25,2.25,3.48,3.2,2.34,3.4,3.25,2.5,3.27,3.17,2.27,3.55,3.3,2.36,2,1.8,2.09,1.8,2.2,1.8,2.01,1.75,2.16,1.84,0.25,1.93,1.93,1.93,1.99,1.93,1.93,1.87,1.84,1.97,2.01
I1,15/12/2025,19:45,Roma,Como,1,0,H,0,0,D,14,13,4,1,16,8,6,3,3,3,0,0,2.1,3.3,3.6,2.15,3.2,3.5,2.12,3.25,3.7,2.15,3.2,3.4,2.2,3.2,3.5,2.2,3.2,3.5,2.15,3.2,3.5,2.22,3.19,3.7,2.2,3.3,3.7,2.15,3.17,3.53,2.26,3.2,3.9,2.2,1.67,2.28,1.68,2.25,1.67,2.19,1.64,2.3,1.72,-0.25,1.85,2,1.89,2.01,1.86,2,1.81,1.96,1.91,2.06,2.2,3,3.7,2.2,3.1,3.5,2.2,3.05,3.7,2.2,3.1,3.6,2.25,3,3.6,2.25,3,3.6,2.2,3,3.5,2.26,3.17,3.71,2.25,3.14,3.7,2.2,3.06,3.58,2.3,3.25,3.8,2.2,1.67,2.36,1.65,2.25,1.68,2.23,1.62,2.36,1.72,-0.25,1.9,1.95,1.92,2.01,1.9,1.95,1.84,1.93,1.95,2.03
I1,20/12/2025,17:00,Lazio,Cremonese,0,0,D,0,0,D,8,9,2,2,13,21,3,0,4,3,0,1,1.62,3.8,5.75,1.62,3.75,5.5,1.6,3.85,6,1.62,3.8,5.75,1.63,3.9,5.5,1.61,3.9,5.5,1.61,3.8,5.5,1.66,3.74,6,1.65,3.9,6,1.61,3.76,5.69,1.7,3.9,6.4,2.1,1.73,2.09,1.79,2.1,1.8,2,1.76,2.14,1.84,-0.75,1.83,2.03,1.86,2.05,1.83,2.05,1.78,2,1.89,2.09,1.53,3.9,7,1.53,4,6.5,1.54,3.9,6.75,1.5,4.1,6.5,1.57,4,6,1.57,4,6,1.57,3.9,6,1.56,4.02,7.02,1.57,4.1,7,1.54,3.92,6.47,1.58,4.2,7.6,2.03,1.83,2.07,1.85,2.05,1.83,1.97,1.79,2.12,1.87,-1,1.9,1.95,1.97,1.95,1.96,1.95,1.9,1.88,2.01,1.97
I1,20/12/2025,19:45,Juventus,Roma,2,1,H,1,0,H,13,14,9,5,14,13,2,4,2,3,0,0,1.95,3.2,4.33,2,3.2,4,1.95,3.25,4.25,1.95,3.3,4.1,2.05,3.2,4,2.05,3.2,4,2.05,3.2,3.9,1.99,3.31,4.34,2.05,3.3,4.33,1.97,3.22,4.12,2.06,3.35,4.5,2.3,1.62,2.39,1.63,2.3,1.62,2.27,1.59,2.4,1.68,-0.5,1.98,1.88,2,1.9,1.98,1.88,1.92,1.82,2.06,1.92,2,3,4.5,2,3.2,4,2.02,3.15,4.2,2,3.1,4.2,2,3.1,4.2,2,3.1,4.2,2,3.1,4.2,2.05,3.18,4.44,2.05,3.2,4.5,2,3.09,4.21,2.08,3.3,4.6,2.2,1.67,2.24,1.71,2.2,1.73,2.14,1.67,2.26,1.77,-0.5,2,1.85,2.06,1.88,2,1.85,1.94,1.8,2.07,1.92
I1,21/12/2025,11:30,Cagliari,Pisa,2,2,D,0,1,A,14,15,5,3,15,20,2,6,3,2,0,0,2.15,3.1,3.75,2.2,3.1,3.5,2.2,3.2,3.5,2.15,3.1,3.5,2.15,3.25,3.5,2.15,3.25,3.5,2.15,3.2,3.5,2.2,3.19,3.77,2.2,3.25,3.75,2.17,3.14,3.53,2.26,3.25,3.9,2.38,1.57,2.5,1.57,2.4,1.6,2.35,1.56,2.52,1.63,-0.25,1.85,2,1.88,2.04,1.87,2,1.83,1.93,1.91,2.06,2,3.2,4.2,2,3.2,4,1.98,3.15,4.3,1.95,3.3,4.1,2.05,3.1,4.1,2.05,3.1,4.2,2.05,3,4,2.04,3.22,4.5,2.05,3.3,4.5,1.99,3.14,4.17,2.06,3.3,4.6,2.3,1.62,2.47,1.58,2.45,1.62,2.36,1.56,2.52,1.64,-0.5,2.03,1.83,2.04,1.88,2.03,1.85,1.94,1.8,2.06,1.92
I1,21/12/2025,14:00,Sassuolo,Torino,0,1,A,0,0,D,7,10,1,5,15,17,2,3,3,1,0,0,2.3,3.2,3.3,2.38,3.1,3.2,2.35,3.05,3.35,2.3,3.13,3.1,2.35,3.2,3.1,2.37,3.2,3.1,2.3,3.2,3.1,2.44,3.05,3.38,2.4,3.2,3.35,2.34,3.1,3.19,2.48,3.2,3.45,2.2,1.67,2.29,1.68,2.2,1.67,2.18,1.64,2.28,1.76,-0.25,2,1.85,2.07,1.85,2,1.85,1.96,1.81,2.1,1.9,2.35,3.1,3.3,2.38,3.1,3.1,2.33,3.05,3.4,2.3,3.25,3.13,2.35,3.1,3.25,2.37,3.1,3.25,2.3,3.1,3.2,2.43,3.15,3.35,2.38,3.25,3.4,2.32,3.1,3.24,2.48,3.15,3.55,2.2,1.67,2.17,1.76,2.2,1.73,2.15,1.66,2.26,1.77,-0.25,1.98,1.88,2.06,1.87,2,1.88,1.95,1.83,2.07,1.92
I1,21/12/2025,17:00,Fiorentina,Udinese,5,1,H,3,0,H,20,11,7,4,10,8,1,4,3,1,0,1,2.2,3.3,3.4,2.15,3.25,3.5,2.14,3.3,3.55,2.15,3.25,3.3,2.2,3.3,3.3,2.2,3.3,3.3,2.15,3.3,3.3,2.27,3.31,3.42,2.2,3.3,3.55,2.16,3.26,3.4,2.36,3.35,3.55,2.1,1.73,2.17,1.75,2.2,1.75,2.1,1.69,2.2,1.8,-0.25,1.9,1.95,1.95,1.95,1.9,1.98,1.83,1.94,2,1.97,2.05,3.25,3.9,2.1,3.2,3.6,2.02,3.4,3.8,2.05,3.13,4,2.1,3.2,3.8,2.1,3.2,3.8,2.05,3.2,3.75,2.18,3.26,3.79,2.12,3.4,4,2.07,3.2,3.77,2.22,3.35,3.95,2.2,1.67,2.26,1.7,2.25,1.68,2.16,1.66,2.32,1.74,-0.25,1.73,2.08,1.87,2.07,1.81,2.1,1.73,2.06,1.88,2.11
I1,21/12/2025,19:45,Genoa,Atalanta,0,1,A,0,0,D,6,16,3,4,11,19,6,10,1,2,1,0,4,3.4,1.95,4,3.3,1.95,4.2,3.45,1.91,3.9,3.3,1.93,3.9,3.4,1.95,4,3.4,1.95,3.9,3.4,1.95,4.12,3.48,1.98,4.2,3.45,2,3.99,3.35,1.94,4.2,3.5,2.04,2.1,1.73,2.12,1.78,2.1,1.75,2.07,1.71,2.12,1.87,0.5,1.9,1.95,1.92,1.99,1.9,1.95,1.84,1.89,1.92,2.04,3.75,3.3,2.05,3.75,3.25,2.05,3.95,3.1,2.1,3.7,3.3,2.05,3.8,3.2,2.1,3.8,3.2,2.1,3.75,3.2,2.05,4,3.3,2.1,4,3.3,2.1,3.8,3.19,2.06,4.1,3.4,2.12,2.2,1.67,2.25,1.7,2.25,1.67,2.19,1.64,2.3,1.76,0.5,1.8,2.05,1.83,2.11,1.8,2.05,1.74,2.01,1.89,2.1
I1,27/12/2025,11:30,Parma,Fiorentina,1,0,H,0,0,D,13,23,2,4,10,15,5,6,2,2,0,0,3.5,3,2.25,3.3,3.2,2.25,3.35,3.15,2.3,3.4,3,2.25,3.25,3.2,2.3,3.25,3.2,2.3,3.2,3.2,2.3,3.54,3.09,2.34,3.5,3.2,2.3,3.33,3.1,2.27,3.65,3.25,2.36,2.2,1.67,2.3,1.67,2.25,1.67,2.2,1.64,2.38,1.68,0.25,1.9,1.95,1.93,1.98,1.9,1.95,1.86,1.86,1.98,1.99,3.75,3.4,2.05,3.5,3.3,2.1,3.7,3.3,2.1,3.7,3.2,2.1,3.5,3.25,2.15,3.5,3.25,2.15,3.5,3.2,2.15,3.86,3.28,2.15,3.75,3.4,2.15,3.62,3.24,2.1,4,3.35,2.18,2,1.85,2.09,1.82,2.04,1.85,1.99,1.77,2.08,1.91,0.25,2.05,1.75,2.1,1.84,2.05,1.81,2,1.72,2.12,1.87
I1,27/12/2025,14:00,Lecce,Como,0,3,A,0,1,A,11,12,5,6,10,23,4,6,2,4,0,0,4.75,3.3,1.8,4.6,3.3,1.83,4.75,3.4,1.83,4.6,3.3,1.8,4.4,3.4,1.87,4.4,3.4,1.85,4.4,3.4,1.85,4.88,3.49,1.84,4.75,3.4,1.87,4.58,3.35,1.82,5,3.6,1.87,2.3,1.62,2.37,1.63,2.3,1.62,2.25,1.6,2.4,1.67,0.5,2.03,1.83,2.07,1.85,2.03,1.85,1.95,1.79,2.12,1.87,4.75,3.4,1.83,4.6,3.3,1.83,4.8,3.35,1.83,4.75,3.4,1.8,4.6,3.3,1.85,4.6,3.3,1.85,4.6,3.25,1.85,5.09,3.34,1.88,5,3.4,1.9,4.67,3.3,1.83,5.4,3.4,1.9,2.38,1.57,2.38,1.64,2.38,1.63,2.27,1.6,2.46,1.67,0.5,2.03,1.83,2.05,1.88,2.03,1.9,1.94,1.79,2.1,1.9
I1,27/12/2025,14:00,Torino,Cagliari,1,2,A,1,1,D,19,9,10,4,14,13,6,2,3,0,0,0,1.91,3.2,4.2,1.95,3.3,4,1.91,3.4,4.25,1.93,3.13,4.2,1.98,3.25,4,2,3.25,4,2,3.25,4,1.99,3.36,4.26,2,3.4,4.25,1.94,3.28,4.09,2.02,3.4,4.5,2.2,1.67,2.27,1.68,2.2,1.67,2.14,1.66,2.28,1.74,-0.5,1.98,1.88,2,1.91,1.98,1.9,1.9,1.83,2.02,1.96,1.8,3.4,5,1.83,3.3,4.6,1.82,3.3,4.9,1.75,3.3,5.25,1.82,3.3,4.75,1.83,3.4,4.8,1.8,3.3,4.8,1.83,3.42,5.27,1.83,3.4,5.25,1.8,3.32,4.87,1.88,3.5,5.3,2.3,1.62,2.27,1.7,2.3,1.67,2.19,1.65,2.38,1.7,-0.5,1.8,2.05,1.83,2.1,1.83,2.05,1.76,1.98,1.87,2.13
I1,27/12/2025,17:00,Udinese,Lazio,1,1,D,0,0,D,15,14,4,2,19,14,5,6,3,4,0,0,3.1,3,2.45,3,3.1,2.5,3.15,3.2,2.38,3.1,3,2.4,3,3.1,2.45,3,3.1,2.45,3,3.1,2.45,3.14,3.08,2.56,3.15,3.2,2.5,3.06,3.05,2.43,3.25,3.2,2.56,2.3,1.62,2.37,1.63,2.3,1.62,2.24,1.61,2.4,1.65,0.25,1.78,2.1,1.77,2.17,1.8,2.1,1.75,1.95,1.83,2.17,3.3,2.9,2.5,3,3,2.5,3.25,2.85,2.55,3.3,2.88,2.45,3.2,2.85,2.55,3.2,2.87,2.5,3.25,2.8,2.5,3.34,2.98,2.55,3.3,3,2.55,3.2,2.87,2.5,3.4,3,2.64,2.75,1.44,2.85,1.45,2.75,1.53,2.65,1.45,2.96,1.5,0.25,1.78,2.1,1.81,2.14,1.78,2.1,1.74,1.99,1.81,2.2
I1,27/12/2025,19:45,Pisa,Juventus,0,2,A,0,0,D,8,15,0,7,10,12,2,8,4,1,0,0,7.5,4.5,1.4,7,4.2,1.44,7.5,4.1,1.49,7,4.1,1.45,6.75,4.2,1.49,6.5,4.2,1.5,6.5,4.2,1.48,7.05,4.61,1.47,7.5,4.5,1.5,6.91,4.19,1.46,7.8,4.5,1.51,1.91,1.91,2,1.89,1.95,1.91,1.92,1.83,2,1.92,1,2.05,1.8,2.11,1.81,2.05,1.84,1.98,1.79,2.08,1.84,7.5,4.1,1.48,7.5,4,1.5,8,4.2,1.45,7.5,4.2,1.45,6.75,4.33,1.49,6.5,4.33,1.48,6.5,4.2,1.48,7.74,4.28,1.49,8,4.33,1.5,7.42,4.11,1.47,8.6,4.4,1.51,2.1,1.73,2.1,1.8,2.1,1.8,2.01,1.75,2.16,1.85,1,2.03,1.83,2.09,1.85,2.07,1.83,2.02,1.78,2.1,1.87
I1,28/12/2025,11:30,Milan,Verona,3,0,H,1,0,H,11,9,5,1,5,15,7,3,0,1,0,0,1.38,4.75,8.5,1.36,4.6,9,1.37,4.6,9,1.36,4.6,8.5,1.39,5,7.5,1.4,5,7.5,1.4,5,7.5,1.38,4.98,8.81,1.4,5,9,1.37,4.7,8.4,1.39,5.3,10,1.8,2,1.86,2.03,1.84,2,1.81,1.94,1.91,2.06,-1.25,1.88,1.98,1.92,1.99,1.88,2,1.83,1.94,1.91,2,1.36,5,7.5,1.36,4.6,9,1.35,4.75,10,1.36,4.75,9,1.4,4.8,7.5,1.4,4.8,7.5,1.4,4.8,7.5,1.38,4.89,9.66,1.4,5,10,1.37,4.69,8.64,1.41,5.2,9.6,1.88,1.98,1.88,2.02,1.91,2,1.85,1.9,1.94,2.04,-1.25,1.88,1.98,1.93,2,1.88,1.98,1.82,1.95,1.95,2.03
I1,28/12/2025,14:00,Cremonese,Napoli,0,2,A,0,2,A,6,22,2,8,13,8,1,10,2,2,0,0,6.25,3.9,1.55,6.5,3.75,1.57,6.5,3.8,1.57,6.5,3.8,1.53,6,3.9,1.58,6,3.9,1.57,6,3.8,1.57,6.28,4.16,1.57,6.5,4,1.58,6.21,3.84,1.55,7,4.1,1.6,2.1,1.73,2.09,1.79,2.1,1.75,2.04,1.73,2.14,1.81,1,1.88,1.98,1.9,2,1.88,2,1.82,1.96,1.88,2.05,6.5,3.6,1.6,6.5,3.75,1.57,7,3.9,1.53,6.5,3.75,1.55,6,3.9,1.58,6,3.9,1.57,6,3.8,1.57,7.14,3.85,1.59,7,3.9,1.6,6.49,3.77,1.56,7.4,3.95,1.63,2.2,1.67,2.23,1.71,2.2,1.73,2.12,1.67,2.3,1.74,1,1.75,2.05,1.83,2.11,1.88,2.05,1.81,1.96,1.85,2.16
I1,28/12/2025,17:00,Bologna,Sassuolo,1,1,D,0,0,D,16,8,6,5,18,19,2,3,2,3,0,0,1.75,3.6,4.75,1.8,3.5,4.6,1.72,3.7,5.1,1.73,3.6,4.6,1.78,3.6,4.6,1.8,3.6,4.6,1.75,3.6,4.6,1.74,3.75,5.1,1.8,3.7,5.1,1.74,3.58,4.73,1.79,3.8,5.2,2,1.8,2.03,1.87,2.02,1.8,1.98,1.77,2.04,1.88,-0.75,2,1.85,2,1.9,2,1.9,1.92,1.85,2.04,1.9,1.95,3.25,4.2,2.05,3.3,3.75,2.02,3.2,4.1,2,3.25,4,1.95,3.4,4,1.95,3.4,4,1.95,3.4,3.9,2.01,3.3,4.36,2.05,3.4,4.2,1.99,3.27,3.96,2.06,3.4,4.5,2.1,1.73,2.17,1.76,2.12,1.78,2.04,1.73,2.16,1.84,-0.5,2,1.85,2.02,1.9,2.05,1.85,1.95,1.79,2.06,1.94
I1,28/12/2025,19:45,Atalanta,Inter,0,1,A,0,0,D,7,15,0,4,8,12,4,7,2,1,0,0,3.5,3.5,2,3.4,3.5,2.05,3.4,3.55,2.1,3.4,3.6,2,3.3,3.5,2.1,3.3,3.5,2.1,3.3,3.5,2.1,3.64,3.64,2.07,3.5,3.66,2.1,3.39,3.52,2.05,3.75,3.7,2.12,1.73,2.1,1.78,2.13,1.8,2.1,1.74,2.02,1.8,2.14,0.5,1.8,2.05,1.84,2.07,1.8,2.05,1.75,1.98,1.87,2.12,3.2,3.3,2,3.4,3.5,2.05,3.6,3.5,2.04,3.4,3.6,2.05,3.4,3.4,2.1,3.4,3.4,2.1,3.4,3.4,2.1,3.51,3.56,2.16,3.6,3.6,2.12,3.41,3.45,2.07,3.65,3.65,2.18,1.83,2.03,1.79,2.12,1.83,2.05,1.76,2,1.82,2.2,0.25,2.03,1.83,2.05,1.88,2.06,1.83,2.01,1.73,2.11,1.88
I1,29/12/2025,19:45,Roma,Genoa,3,1,H,3,0,H,16,10,8,2,13,13,6,1,0,1,0,0,1.6,3.6,6.25,1.62,3.5,6,1.58,3.65,6.75,1.6,3.5,6,1.65,3.6,5.75,1.65,3.6,5.75,1.65,3.6,5.75,1.64,3.73,6.32,1.65,3.66,6.75,1.6,3.58,6.05,1.67,3.7,7,2.38,1.57,2.42,1.6,2.4,1.57,2.32,1.56,2.46,1.63,-0.75,1.8,2.05,1.85,2.07,1.8,2.06,1.76,2.02,1.87,2.09,1.57,3.7,6.5,1.6,3.6,6.5,1.55,3.7,7,1.57,3.75,6.5,1.62,3.6,6.25,1.61,3.6,6,1.61,3.6,6,1.61,3.72,6.55,1.62,3.75,7,1.58,3.66,6.42,1.64,3.85,7.6,2.2,1.67,2.25,1.69,2.28,1.67,2.21,1.63,2.36,1.72,-1,2.05,1.75,2.12,1.79,2.1,1.81,2.01,1.77,2.16,1.82
I1,02/01/2026,19:45,Cagliari,Milan,0,1,A,0,0,D,6,11,1,4,10,8,6,7,2,1,0,0,6,3.9,1.6,6,3.75,1.53,6.75,3.95,1.53,6.5,3.9,1.55,5.75,4,1.57,5.75,4,1.57,5.75,4,1.57,6.25,4.01,1.61,6.75,4,1.6,6.21,3.9,1.55,7,4.1,1.62,2.1,1.73,2.13,1.78,2.1,1.77,2.03,1.74,2.18,1.82,1,1.8,2.05,1.85,2.09,1.88,2.05,1.83,1.96,1.87,2.1,6,3.9,1.57,6,3.6,1.57,6.4,3.8,1.58,6.5,3.8,1.55,6,3.8,1.58,6,3.8,1.6,6,3.8,1.57,6.75,3.95,1.59,6.8,3.9,1.6,6.24,3.78,1.56,7.2,4,1.62,2.1,1.73,2.17,1.76,2.14,1.75,2.09,1.7,2.2,1.82,1,1.83,2.03,1.88,2.06,1.84,2.06,1.79,2,1.89,2.11
I1,03/01/2026,11:30,Como,Udinese,1,0,H,1,0,H,15,4,3,1,12,15,3,2,1,3,0,0,1.73,3.8,4.75,1.73,3.5,4.6,1.66,3.75,5.4,1.7,3.7,5,1.71,3.75,4.8,1.73,3.75,4.8,1.7,3.7,4.8,1.75,3.62,5.26,1.75,3.8,5.4,1.71,3.65,4.94,1.77,3.85,5.6,2,1.8,2.07,1.83,2.05,1.8,1.98,1.78,2.08,1.89,-0.75,1.95,1.9,1.98,1.93,1.95,1.94,1.88,1.89,1.99,1.98,1.75,3.6,4.75,1.73,3.4,4.6,1.72,3.65,5,1.75,3.6,4.75,1.77,3.6,4.75,1.75,3.6,4.8,1.75,3.6,4.6,1.79,3.55,5.2,1.84,3.65,5,1.75,3.53,4.75,1.83,3.6,5.5,2.1,1.73,2.2,1.74,2.1,1.77,2.06,1.71,2.26,1.78,-0.75,2.03,1.83,2.04,1.88,2.03,1.86,1.95,1.82,2.09,1.9
I1,03/01/2026,14:00,Genoa,Pisa,1,1,D,1,1,D,12,10,4,2,9,17,2,7,1,3,0,0,1.9,3.1,4.75,1.9,3.1,4.5,1.87,3.2,4.9,1.87,3.25,4.6,1.88,3.1,4.8,1.91,3.2,4.8,1.85,3.1,4.8,1.91,3.2,5.05,1.91,3.25,5,1.87,3.15,4.74,1.96,3.25,5.3,2.63,1.5,2.61,1.53,2.63,1.53,2.5,1.49,2.7,1.56,-0.5,1.88,1.98,1.92,1.99,1.9,1.98,1.82,1.9,1.96,2.02,1.91,3.2,4.75,1.9,3.1,4.33,1.93,2.95,5.1,1.9,3.13,4.75,1.93,3.1,4.75,1.91,3.1,4.8,1.91,3,4.6,1.92,3.19,5.14,1.95,3.2,5.1,1.9,3.07,4.75,1.99,3.2,5.4,2.5,1.53,2.56,1.54,2.65,1.55,2.47,1.51,2.66,1.58,-0.5,1.9,1.95,1.93,2,1.9,1.95,1.85,1.88,1.98,2
I1,03/01/2026,14:00,Sassuolo,Parma,1,1,D,1,1,D,11,16,3,5,12,7,4,7,2,1,0,0,1.91,3.3,4.33,1.91,3.3,4,1.88,3.45,4.3,1.91,3.4,4.1,1.93,3.4,4.1,1.91,3.4,4,1.91,3.4,4,1.94,3.27,4.67,1.95,3.45,4.5,1.9,3.33,4.2,1.99,3.5,4.7,2.1,1.73,2.18,1.74,2.1,1.73,2.05,1.72,2.22,1.78,-0.5,1.93,1.93,1.95,1.95,1.93,1.93,1.86,1.86,1.99,2,2.1,3.25,3.7,2,3.25,3.6,1.98,3.2,4.2,2.05,3.25,3.8,2,3.3,3.9,2,3.3,3.9,2,3.25,3.8,2.03,3.29,4.31,2.1,3.35,4.2,2.01,3.22,3.9,2.1,3.35,4.4,2.1,1.73,2.14,1.78,2.1,1.83,2.04,1.73,2.18,1.82,-0.5,2.08,1.73,2.04,1.89,2.08,1.84,1.98,1.76,2.08,1.9
I1,03/01/2026,17:00,Juventus,Lecce,1,1,D,0,1,A,25,6,5,1,6,7,10,1,0,3,0,0,1.27,5.5,13,1.25,5,12,1.25,5.8,12,1.25,5.5,13,1.27,5.75,11.5,1.28,5.75,11,1.25,5.5,11,1.28,5.77,12.37,1.29,5.8,13,1.26,5.52,11.91,1.29,6,14.5,1.8,2,1.83,2.05,1.83,2,1.78,1.96,1.88,2.1,-1.5,1.83,2.03,1.85,2.07,1.83,2.03,1.78,1.95,1.9,2.07,1.25,5.75,15,1.22,5.5,13,1.24,5.75,15,1.22,5.75,15,1.25,5.75,12.5,1.25,5.75,12,1.25,5.75,12,1.25,6,14.87,1.25,6,15,1.23,5.68,13.53,1.27,6.2,16.5,1.91,1.91,1.88,2.02,1.91,2,1.81,1.93,1.91,2.06,-1.75,2.03,1.83,2.02,1.89,2.03,1.87,1.96,1.82,2.06,1.9
I1,03/01/2026,19:45,Atalanta,Roma,1,0,H,1,0,H,13,10,2,4,16,15,7,5,1,2,0,0,2.3,3.2,3.3,2.2,3.2,3.2,2.25,3.25,3.3,2.25,3.3,3.2,2.2,3.3,3.3,2.2,3.3,3.3,2.2,3.3,3.25,2.32,3.17,3.48,2.3,3.3,3.4,2.23,3.22,3.28,2.4,3.25,3.55,2.1,1.73,2.12,1.78,2.1,1.77,2.04,1.72,2.2,1.81,-0.25,1.95,1.9,1.98,1.93,1.95,1.9,1.9,1.87,2.03,1.95,2.3,3.1,3.4,2.25,3.1,3.2,2.33,2.95,3.5,2.3,3.1,3.3,2.25,3.1,3.4,2.25,3.1,3.4,2.25,3,3.4,2.34,3.11,3.6,2.33,3.1,3.5,2.28,3.05,3.37,2.44,3.15,3.65,2.2,1.67,2.26,1.69,2.28,1.71,2.17,1.64,2.28,1.77,-0.25,1.98,1.88,1.98,1.94,1.98,1.88,1.93,1.84,2.04,1.94
I1,04/01/2026,11:30,Lazio,Napoli,0,2,A,0,2,A,5,14,0,3,10,13,2,6,5,1,2,1,3.4,3.1,2.3,3.3,2.88,2.3,3.5,3.05,2.28,3.3,3,2.3,3.3,3,2.35,3.3,3,2.37,3.3,3,2.3,3.5,3.05,2.38,3.5,3.1,2.38,3.34,3.01,2.31,3.75,3.1,2.42,2.63,1.5,2.66,1.52,2.63,1.5,2.52,1.49,2.7,1.56,0.25,1.88,1.98,1.89,2.01,1.88,1.98,1.84,1.86,1.95,2.02,3.8,3,2.15,3.6,3,2.15,3.85,3,2.16,3.8,3,2.15,3.75,2.95,2.2,3.75,3,2.2,3.75,3,2.2,4.01,3.09,2.2,4,3,2.2,3.79,2.98,2.16,4.1,3.15,2.24,2.5,1.53,2.6,1.53,2.54,1.53,2.48,1.5,2.68,1.58,0.25,2.03,1.83,2.07,1.86,2.03,1.83,1.97,1.75,2.1,1.9
I1,04/01/2026,14:00,Fiorentina,Cremonese,1,0,H,0,0,D,22,6,8,2,10,19,7,3,1,2,0,0,1.8,3.4,5,1.73,3.5,4.5,1.74,3.6,5,1.73,3.6,4.6,1.77,3.6,4.6,1.75,3.6,4.6,1.75,3.6,4.5,1.79,3.73,4.76,1.84,3.66,5,1.75,3.55,4.65,1.83,3.7,5.3,2,1.8,2.05,1.85,2.1,1.8,1.99,1.76,2.08,1.86,-0.5,1.75,2.05,1.79,2.12,1.83,2.05,1.73,2.01,1.83,2.17,1.7,3.75,5,1.7,3.6,4.6,1.73,3.65,5,1.7,3.8,4.8,1.71,3.75,4.8,1.7,3.75,4.8,1.7,3.75,4.8,1.74,3.82,5.07,1.75,3.8,5,1.71,3.7,4.8,1.79,3.9,5.3,1.8,2,1.92,1.99,1.9,2,1.85,1.88,1.95,2.02,-0.75,1.9,1.95,1.97,1.95,1.95,1.95,1.91,1.86,2.02,1.96
I1,04/01/2026,17:00,Verona,Torino,0,3,A,0,1,A,7,21,3,5,13,7,4,7,0,2,0,0,2.7,3,2.9,2.6,3,2.8,2.6,3.05,2.95,2.55,3,2.8,2.6,3,2.9,2.62,3,2.9,2.6,3,2.87,2.71,3.02,3,2.7,3.1,2.95,2.6,3,2.86,2.8,3.05,3,2.5,1.53,2.5,1.57,2.5,1.55,2.41,1.52,2.52,1.61,0,1.83,2.03,1.85,2.06,1.85,2.03,1.8,1.95,1.9,2.08,2.63,2.9,2.9,2.63,2.88,2.88,2.75,2.85,2.95,2.63,2.9,3,2.65,2.87,3,2.62,2.87,3,2.62,2.87,3,2.74,2.94,3.1,2.75,2.94,3.1,2.66,2.85,2.96,2.9,2.94,3.15,2.63,1.5,2.68,1.5,2.7,1.53,2.57,1.48,2.78,1.55,0,1.83,2.03,1.85,2.09,1.83,2.05,1.78,1.99,1.85,2.14
I1,04/01/2026,19:45,Inter,Bologna,3,1,H,1,0,H,19,6,10,2,20,21,7,1,3,3,0,0,1.42,4.75,7.5,1.36,4.5,8,1.38,4.8,8,1.36,4.6,8,1.42,4.8,7,1.4,4.8,7,1.4,4.8,7,1.39,5.18,8.05,1.42,5.33,8,1.38,4.75,7.63,1.43,5.2,8.8,1.73,2.1,1.72,2.19,1.73,2.15,1.69,2.09,1.77,2.2,-1.25,1.95,1.9,1.93,1.98,1.95,1.95,1.86,1.9,1.93,1.97,1.38,5,7.5,1.36,4.6,7.5,1.4,4.7,8,1.36,5,8,1.43,4.8,6.75,1.44,4.8,6.5,1.44,4.8,6.5,1.41,4.95,8.14,1.44,5,8,1.39,4.77,7.55,1.45,5,9,1.67,2.2,1.7,2.25,1.68,2.3,1.66,2.16,1.74,2.34,-1.25,1.88,1.98,1.97,1.95,1.88,1.98,1.84,1.94,1.95,2.02
I1,06/01/2026,14:00,Pisa,Como,0,3,A,0,0,D,10,15,4,7,9,13,1,5,2,2,0,0,5.5,3.4,1.7,5,3.5,1.73,5.4,3.45,1.74,5,3.6,1.73,5,3.4,1.78,5,3.4,1.8,5,3.3,1.8,5.45,3.5,1.78,5.5,3.6,1.8,5.15,3.43,1.74,5.8,3.6,1.81,2.2,1.67,2.25,1.7,2.22,1.67,2.18,1.64,2.34,1.74,0.75,1.9,1.95,1.93,2,1.9,1.96,1.83,1.93,1.92,2.05,4.75,3.4,1.75,4.6,3.4,1.8,5.3,3.4,1.76,4.8,3.6,1.75,4.8,3.5,1.78,4.8,3.5,1.8,4.8,3.4,1.75,5.42,3.56,1.77,5.33,3.6,1.8,4.95,3.44,1.76,5.6,3.6,1.83,2.1,1.73,2.21,1.73,2.22,1.77,2.12,1.69,2.22,1.81,0.75,1.83,2.03,1.91,2.02,1.84,2.03,1.81,1.96,1.91,2.07
I1,06/01/2026,17:00,Lecce,Roma,0,2,A,0,1,A,6,10,1,3,10,20,2,2,3,1,0,0,5.25,3.5,1.73,5.5,3.4,1.73,5.4,3.45,1.73,5.25,3.5,1.7,5,3.3,1.78,5,3.3,1.8,5,3.3,1.8,5.49,3.51,1.77,5.5,3.5,1.8,5.22,3.4,1.74,5.7,3.6,1.82,2.2,1.67,2.36,1.65,2.3,1.67,2.26,1.6,2.4,1.7,0.75,1.88,1.98,1.92,2.01,1.88,2,1.83,1.94,1.91,2.07,5,3.4,1.75,4.6,3.4,1.8,5.4,3.35,1.74,5,3.5,1.75,5,3.3,1.8,5,3.3,1.8,5,3.3,1.8,5.45,3.46,1.78,5.4,3.5,1.8,5.06,3.38,1.76,6,3.55,1.81,2.2,1.67,2.26,1.7,2.28,1.67,2.2,1.63,2.38,1.72,0.75,1.83,2.03,1.88,2.04,1.86,2.03,1.81,1.96,1.92,2.06
I1,06/01/2026,19:45,Sassuolo,Juventus,0,3,A,0,1,A,7,17,2,10,3,12,5,5,0,0,0,0,5,3.9,1.67,5,3.75,1.67,5.3,3.85,1.65,5,3.8,1.67,5,3.7,1.71,5,3.7,1.73,4.8,3.7,1.7,5.3,3.74,1.73,5.3,3.9,1.73,5.04,3.74,1.68,5.6,3.9,1.75,1.98,1.88,2.01,1.9,1.98,1.91,1.92,1.84,2.02,1.96,0.75,1.98,1.88,2.01,1.92,1.98,1.9,1.93,1.85,2.01,1.98,5.25,3.7,1.67,5,3.75,1.67,5.6,3.8,1.64,5.5,3.7,1.65,5.25,3.6,1.68,5.25,3.6,1.7,5.25,3.6,1.67,5.79,3.75,1.68,5.6,3.8,1.7,5.34,3.68,1.66,6,3.85,1.73,2,1.8,2.1,1.8,2.1,1.91,1.97,1.79,2.12,1.88,0.75,2,1.85,2.03,1.89,2,1.85,1.96,1.82,2.03,1.95
I1,07/01/2026,17:30,Bologna,Atalanta,0,2,A,0,1,A,11,11,2,5,16,15,6,6,0,0,0,0,2.75,3.3,2.6,2.75,3.25,2.6,2.75,3.35,2.6,2.7,3.4,2.55,2.7,3.4,2.55,2.7,3.4,2.6,2.7,3.4,2.5,2.84,3.25,2.68,2.75,3.4,2.66,2.71,3.3,2.57,2.92,3.35,2.72,2,1.85,2.03,1.86,2,1.91,1.92,1.83,2.04,1.91,0,1.98,1.88,2.01,1.89,1.98,1.9,1.92,1.84,2.07,1.93,3,3.3,2.38,3,3.25,2.38,3.05,3.3,2.38,3.13,3.13,2.38,3,3.25,2.4,3,3.25,2.4,3,3.2,2.4,3.24,3.33,2.39,3.13,3.35,2.4,3.04,3.22,2.36,3.3,3.4,2.46,2,1.8,2.06,1.85,2.05,1.83,1.97,1.79,2.1,1.89,0.25,1.8,2.05,1.88,2.05,1.83,2.05,1.78,1.94,1.89,2.09
I1,07/01/2026,17:30,Napoli,Verona,2,2,D,0,2,A,15,11,4,4,7,15,6,1,0,3,0,0,1.36,5.5,7.5,1.33,4.6,11,1.34,4.6,10.5,1.33,4.75,10,1.36,4.8,8.75,1.36,4.8,9,1.36,4.8,8.5,1.36,5.19,8.85,1.38,5.5,11,1.34,4.72,9.56,1.37,5.4,11,2,1.8,2.08,1.83,2.1,1.8,2.01,1.75,2.1,1.86,-1.25,1.85,2,1.88,2.03,1.86,2,1.81,1.96,1.89,2.06,1.3,5,11,1.33,4.6,11,1.3,4.9,12.5,1.3,5,11,1.35,5,9,1.35,5,9,1.35,5,9,1.32,5.25,12.3,1.35,5,13.5,1.31,4.87,11,1.34,5.4,14,2,1.8,2.07,1.85,2.05,1.83,1.98,1.78,2.06,1.91,-1.5,2.03,1.83,2.12,1.83,2.05,1.83,1.99,1.77,2.14,1.86
I1,07/01/2026,19:45,Lazio,Fiorentina,2,2,D,0,0,D,17,8,9,5,11,15,8,2,3,5,0,0,2.4,3.1,3.2,2.38,3.1,3.2,2.4,3.2,3.05,2.38,3.2,3.1,2.37,3.1,3.1,2.37,3.1,3.1,2.37,3.1,3.1,2.51,3,3.32,2.45,3.2,3.25,2.39,3.1,3.12,2.56,3.1,3.4,2.3,1.62,2.39,1.63,2.3,1.67,2.23,1.62,2.44,1.67,-0.25,2.05,1.8,2.12,1.81,2.05,1.8,2.02,1.76,2.15,1.84,2.3,3,3.5,2.38,3.1,3.2,2.38,3.1,3.25,2.3,3,3.4,2.4,2.95,3.3,2.4,2.9,3.3,2.4,2.9,3.25,2.39,3.12,3.47,2.4,3.1,3.5,2.34,3.02,3.29,2.44,3.1,3.6,2.3,1.62,2.41,1.63,2.3,1.66,2.27,1.59,2.44,1.67,-0.25,1.95,1.9,2.03,1.9,2,1.9,1.94,1.83,2.04,1.93
I1,07/01/2026,19:45,Parma,Inter,0,2,A,0,1,A,4,26,0,8,4,20,1,3,0,3,0,0,7.5,5,1.4,8.5,5,1.33,8.5,5.2,1.34,8,5,1.36,7.5,4.8,1.4,7.5,4.8,1.4,7.5,4.8,1.4,8.16,5.1,1.39,8.9,5.33,1.4,7.96,4.96,1.36,9.6,5.4,1.4,1.67,2.2,1.66,2.3,1.67,2.3,1.61,2.24,1.69,2.36,1.5,1.75,2.05,1.81,2.09,1.85,2.05,1.74,1.99,1.84,2.13,10,4.75,1.33,10,5,1.3,10,5.4,1.3,10,5.25,1.3,8.5,5,1.36,8.5,5,1.35,8.5,5,1.35,9.84,5.38,1.34,10.5,5.4,1.36,9.41,5.12,1.32,11,5.6,1.36,1.67,2.2,1.68,2.28,1.67,2.28,1.63,2.21,1.72,2.36,1.5,1.9,1.95,1.92,2.01,1.9,1.96,1.82,1.91,1.95,2.03
I1,07/01/2026,19:45,Torino,Udinese,1,2,A,0,0,D,10,9,4,4,16,8,3,6,2,1,0,0,2.3,3,3.4,2.3,3.1,3.3,2.28,3.1,3.45,2.3,3.2,3.2,2.3,3.1,3.3,2.3,3.1,3.3,2.3,3.1,3.25,2.39,2.95,3.61,2.38,3.2,3.6,2.3,3.04,3.36,2.42,3.15,3.65,2.3,1.62,2.42,1.61,2.33,1.62,2.28,1.59,2.42,1.66,-0.25,1.98,1.88,2.01,1.89,1.98,1.88,1.92,1.85,2.03,1.94,2.2,3.1,3.6,2.2,3.1,3.5,2.25,3.1,3.55,2.2,3.1,3.6,2.2,2.95,3.7,2.2,3,3.7,2.2,3,3.6,2.25,3.1,3.84,2.25,3.1,3.75,2.2,3.04,3.59,2.36,3.05,3.9,2.3,1.62,2.4,1.63,2.4,1.62,2.34,1.57,2.46,1.65,-0.25,1.88,1.98,1.9,2.02,1.9,1.98,1.86,1.91,1.97,2
I1,08/01/2026,17:30,Cremonese,Cagliari,2,2,D,2,0,H,12,21,5,5,16,12,2,4,2,2,0,0,2.4,3.1,3.2,2.38,3.1,3.2,2.35,3.25,3.1,2.38,3,3.13,2.35,3.2,3.1,2.37,3.2,3.1,2.3,3.2,3.1,2.48,3.1,3.26,2.4,3.25,3.25,2.35,3.12,3.12,2.52,3.15,3.4,2.3,1.62,2.38,1.63,2.3,1.65,2.24,1.61,2.4,1.67,-0.25,2.05,1.8,2.1,1.82,2.05,1.81,1.99,1.78,2.12,1.87,2.45,2.9,3.3,2.5,2.88,3.2,2.45,2.8,3.45,2.45,2.88,3.3,2.45,2.87,3.3,2.45,2.87,3.3,2.4,2.87,3.3,2.53,2.89,3.5,2.5,2.92,3.45,2.44,2.86,3.31,2.58,3,3.5,2.75,1.44,2.73,1.49,2.75,1.5,2.59,1.47,2.8,1.54,-0.25,2.05,1.8,2.11,1.83,2.05,1.81,2.01,1.77,2.16,1.84
I1,08/01/2026,19:45,Milan,Genoa,1,1,D,0,1,A,32,7,8,2,12,8,12,1,4,1,0,0,1.44,4.5,7.5,1.4,4.33,8.5,1.41,4.4,8.5,1.4,4.2,8,1.43,4.5,7.25,1.44,4.5,7.5,1.44,4.5,7,1.44,4.47,8.31,1.44,4.5,8.5,1.41,4.34,8,1.44,4.7,9.8,2,1.8,2.09,1.79,2.05,1.83,1.98,1.77,2.12,1.85,-1.25,2.03,1.83,2.08,1.84,2.03,1.83,1.97,1.8,2.07,1.89,1.45,4,8.5,1.44,4,8,1.45,4.1,8.5,1.45,4.1,8,1.49,4.1,7.25,1.48,4.2,7.5,1.48,4,7,1.49,4.2,8.3,1.5,4.2,8.5,1.46,4.01,7.87,1.53,4.2,9.2,2.2,1.67,2.25,1.69,2.22,1.7,2.15,1.66,2.3,1.75,-1,1.88,1.98,1.88,2.04,1.9,2.1,1.79,2.01,1.93,2.06
I1,10/01/2026,14:00,Como,Bologna,1,1,D,0,0,D,12,7,3,2,14,3,4,2,3,3,0,1,1.95,3.3,4.2,1.91,3.4,4,1.95,3.35,4,1.95,3.4,3.9,1.95,3.3,4,1.95,3.4,4,1.95,3.3,4,2,3.34,4.24,1.95,3.4,4.2,1.93,3.34,4.02,2.04,3.45,4.5,2.1,1.73,2.11,1.79,2.12,1.78,2.07,1.71,2.18,1.81,-0.5,1.98,1.88,2.01,1.89,1.98,1.9,1.89,1.84,2.04,1.95,1.95,3.25,4.2,2,3.3,3.75,1.9,3.35,4.35,1.95,3.4,3.9,1.95,3.25,4.1,1.95,3.3,4.2,1.95,3.25,4,2.01,3.29,4.39,2,3.4,4.35,1.95,3.27,4.11,2.06,3.35,4.5,2.1,1.73,2.16,1.76,2.1,1.75,2.09,1.7,2.22,1.81,-0.5,1.98,1.88,2.02,1.91,1.98,1.88,1.92,1.81,2.06,1.93
I1,10/01/2026,14:00,Udinese,Pisa,2,2,D,2,1,H,11,14,2,7,13,16,3,8,1,4,0,0,1.83,3.4,4.6,1.9,3.3,4.33,1.89,3.35,4.5,1.83,3.4,4.6,1.9,3.3,4.33,1.91,3.3,4.33,1.91,3.3,4.33,1.85,3.41,4.91,1.91,3.4,4.75,1.86,3.32,4.49,1.93,3.4,5.1,2.3,1.62,2.33,1.66,2.32,1.62,2.27,1.59,2.38,1.69,-0.5,1.83,2.03,1.87,2.05,1.85,2.03,1.8,1.92,1.93,2.06,1.91,3.3,4.33,1.9,3.3,4.33,1.88,3.15,4.8,1.9,3.4,4.2,1.9,3.3,4.4,1.91,3.3,4.4,1.91,3.25,4.33,1.94,3.2,4.94,1.95,3.4,4.8,1.89,3.26,4.4,1.97,3.35,5.1,2.2,1.67,2.29,1.69,2.3,1.67,2.24,1.62,2.4,1.7,-0.5,1.93,1.93,1.95,1.97,1.93,1.93,1.85,1.88,1.96,2.03
I1,10/01/2026,17:00,Roma,Sassuolo,2,0,H,0,0,D,26,5,6,3,15,16,5,2,2,2,0,0,1.53,4,6.5,1.53,4,6.5,1.55,3.95,6.5,1.53,4,6.5,1.57,4,6,1.57,4,6,1.55,4,6,1.54,4.2,6.6,1.57,4.2,6.5,1.54,3.97,6.3,1.59,4.2,7.4,2.03,1.83,2.06,1.83,2.03,1.83,1.97,1.78,2.06,1.89,-1,1.93,1.93,1.96,1.94,1.95,1.93,1.92,1.86,2.01,1.96,1.7,3.6,5.25,1.67,3.6,5.5,1.67,3.5,5.8,1.67,3.7,5.25,1.71,3.5,5.25,1.73,3.5,5.25,1.7,3.5,5.25,1.73,3.44,6.05,1.73,3.7,5.8,1.68,3.54,5.49,1.74,3.65,6.4,2.1,1.73,2.19,1.74,2.1,1.75,2.08,1.7,2.28,1.78,-0.75,1.93,1.93,1.97,1.95,1.93,1.96,1.86,1.91,1.97,2
I1,10/01/2026,19:45,Atalanta,Torino,2,0,H,1,0,H,18,10,5,3,14,17,5,4,1,2,0,0,1.6,3.9,6,1.6,4,5.5,1.62,3.95,5.5,1.57,4,5.75,1.62,3.8,5.75,1.61,3.8,5.5,1.61,3.75,5.5,1.61,4.13,5.7,1.63,4,6,1.6,3.9,5.54,1.64,4.2,6.4,1.8,2,1.85,2.04,1.83,2,1.81,1.94,1.89,2.06,-1,2.03,1.83,2.03,1.88,2.1,1.83,2.02,1.77,2.06,1.9,1.6,3.8,6.25,1.6,3.75,6,1.56,3.65,7,1.57,3.9,6,1.6,3.9,5.75,1.6,3.9,5.75,1.6,3.9,5.75,1.6,3.81,6.79,1.6,3.9,7,1.58,3.77,6.26,1.63,4,7,2,1.8,2.05,1.87,2,1.83,1.93,1.81,2.08,1.9,-1,2.05,1.8,2.07,1.87,2.05,1.84,1.97,1.8,2.11,1.88
I1,11/01/2026,11:30,Lecce,Parma,1,2,A,1,0,H,10,12,1,2,16,17,3,3,3,1,2,0,2.75,3,2.88,2.63,3,2.88,2.7,2.85,3.1,2.63,3,2.75,2.65,3,2.85,2.62,3.1,2.87,2.62,3,2.8,2.8,2.98,2.94,2.75,3.1,3.1,2.66,2.95,2.88,2.9,3,3,2.63,1.5,2.68,1.49,2.65,1.5,2.58,1.47,2.78,1.54,0,1.88,1.98,1.9,2,1.88,2,1.83,1.94,1.94,2.01,2.75,2.9,2.8,2.75,2.88,2.8,2.8,2.9,2.85,2.8,2.9,2.8,2.7,2.9,2.95,2.7,2.9,2.9,2.7,2.87,2.9,2.9,2.94,2.92,2.88,2.9,2.95,2.77,2.87,2.83,2.96,3,3,2.63,1.5,2.65,1.51,2.7,1.53,2.56,1.48,2.72,1.56,0,1.93,1.93,1.95,1.97,1.93,1.93,1.88,1.89,1.96,2.02
I1,11/01/2026,14:00,Fiorentina,Milan,1,1,D,0,0,D,20,13,7,3,10,14,8,5,2,3,0,0,3.8,3.4,2,3.75,3.4,2,3.65,3.4,2.07,3.6,3.4,2,3.6,3.5,2,3.6,3.5,2,3.6,3.5,2,3.89,3.5,2.03,3.8,3.5,2.07,3.67,3.4,2.01,4.2,3.5,2.06,2.03,1.83,2.05,1.85,2.03,1.83,1.96,1.79,2.12,1.87,0.5,1.83,2.03,1.87,2.04,1.83,2.03,1.79,1.95,1.9,2.06,3.3,3.25,2.25,3.3,3.3,2.2,3.35,3.3,2.2,3.3,3.3,2.2,3.25,3.3,2.25,3.25,3.3,2.25,3.2,3.3,2.2,3.54,3.32,2.25,3.4,3.35,2.28,3.3,3.26,2.21,3.65,3.35,2.32,1.85,2,1.93,1.98,1.92,2,1.86,1.89,1.95,2.04,0.25,1.93,1.93,1.99,1.93,1.95,1.93,1.9,1.82,2.01,1.97
I1,11/01/2026,17:00,Verona,Lazio,0,1,A,0,0,D,10,11,2,2,12,7,2,1,2,1,0,0,3.4,3,2.35,3.4,3,2.3,3.45,3.05,2.3,3.4,2.9,2.3,3.3,3.1,2.3,3.3,3.1,2.3,3.3,3.1,2.25,3.45,3.07,2.4,3.45,3.1,2.4,3.35,2.99,2.31,3.7,3.1,2.42,2.5,1.53,2.58,1.53,2.5,1.53,2.48,1.51,2.64,1.58,0.25,1.88,1.98,1.88,2.03,1.88,1.98,1.84,1.87,1.95,2.03,3.75,2.8,2.3,3.5,2.88,2.3,3.55,2.9,2.33,3.7,2.8,2.3,3.5,2.85,2.37,3.5,2.87,2.37,3.5,2.8,2.37,3.65,2.95,2.41,3.75,2.9,2.37,3.54,2.85,2.33,3.75,2.96,2.5,3,1.4,2.9,1.43,3,1.44,2.74,1.42,3,1.49,0.25,1.93,1.93,1.9,2.02,1.93,1.96,1.86,1.85,1.91,2.08
I1,11/01/2026,19:45,Inter,Napoli,2,2,D,1,1,D,13,7,4,3,12,11,4,1,0,1,0,0,1.7,3.5,5.25,1.73,3.5,5,1.74,3.55,5.1,1.7,3.6,4.8,1.75,3.6,4.8,1.75,3.6,4.8,1.75,3.6,4.8,1.75,3.64,5.22,1.77,3.6,5.25,1.73,3.54,4.91,1.8,3.75,5.6,2.1,1.73,2.1,1.79,2.1,1.78,2.04,1.73,2.14,1.84,-0.75,1.95,1.9,1.99,1.92,1.96,1.9,1.93,1.83,2.04,1.94,1.7,3.5,5.25,1.73,3.5,5,1.67,3.55,5.75,1.7,3.4,5.5,1.75,3.4,5,1.75,3.4,5,1.75,3.4,5,1.74,3.59,5.57,1.75,3.55,5.75,1.71,3.46,5.3,1.79,3.65,5.9,2.2,1.67,2.32,1.67,2.25,1.67,2.18,1.65,2.44,1.68,-0.75,1.95,1.9,1.99,1.93,1.95,1.92,1.89,1.88,2.03,1.95
I1,12/01/2026,17:30,Genoa,Cagliari,3,0,H,1,0,H,11,15,7,3,17,20,2,3,2,5,0,0,2.1,3,4.2,2.1,3,4,2.14,3,3.95,2.05,3.1,3.8,2.15,3,3.8,2.15,3,3.8,2.15,3,3.75,2.12,2.97,4.44,2.15,3.1,4.25,2.09,2.98,3.96,2.18,3.05,4.4,2.63,1.5,2.6,1.52,2.7,1.5,2.57,1.47,2.66,1.56,-0.5,2.08,1.73,2.13,1.81,2.08,1.77,2.02,1.72,2.18,1.81,2.2,2.9,3.9,2.15,3,3.75,2.08,3.05,4.1,2.2,2.9,3.9,2.15,2.9,4,2.15,2.9,4,2.15,2.9,4,2.2,2.98,4.21,2.2,3.05,4.2,2.14,2.93,3.96,2.26,3,4.4,2.75,1.44,2.7,1.5,2.75,1.5,2.62,1.46,2.9,1.52,-0.25,1.85,2,1.85,2.09,1.85,2.08,1.78,2.01,1.87,2.12
I1,12/01/2026,19:45,Juventus,Cremonese,5,0,H,3,0,H,18,9,11,2,16,8,4,5,0,1,0,0,1.25,6,13,1.25,5.5,12,1.25,5.75,12.5,1.2,5.75,13,1.26,6,11,1.25,6,11,1.25,6,11,1.25,6.33,11.48,1.26,6,13,1.24,5.77,11.91,1.27,6.4,14.5,1.67,2.2,1.65,2.29,1.67,2.25,1.65,2.17,1.68,2.32,-1.75,1.95,1.9,1.95,1.93,1.98,1.9,1.93,1.84,1.99,1.91,1.25,6,11,1.25,5.5,12,1.25,5.8,12,1.22,6,13,1.27,6,10.5,1.25,6,10,1.25,6,10,1.25,6.39,12.43,1.27,6,13,1.24,5.84,11.5,1.28,6.4,14.5,1.62,2.3,1.68,2.27,1.68,2.3,1.64,2.2,1.7,2.38,-1.75,2,1.85,1.96,1.94,2,1.85,1.97,1.81,2.04,1.93
I1,14/01/2026,17:30,Napoli,Parma,0,0,D,0,0,D,16,4,4,1,11,12,7,1,1,3,0,0,1.3,5.25,10.5,1.3,5,11,1.32,5,11,1.3,5,11,1.34,5.25,8.75,1.35,5.25,8.5,1.33,5,8.5,1.33,5.33,10.3,1.35,5.25,12.5,1.31,4.98,10.2,1.34,5.5,12.5,1.88,1.98,1.93,1.96,1.93,1.98,1.87,1.87,1.96,1.99,-1.5,2,1.85,2.05,1.86,2,1.85,1.95,1.78,2.09,1.87,1.3,5.25,11,1.29,5,12,1.27,5.5,12,1.29,5,11.5,1.32,5.25,9.75,1.33,5.25,9.5,1.3,5.25,9.5,1.33,5.33,10.3,1.33,5.5,12,1.29,5.17,10.77,1.33,5.5,14.5,1.85,2,1.93,1.96,1.91,2,1.83,1.93,1.96,2.02,-1.5,1.95,1.9,2.05,1.86,1.95,1.9,1.9,1.83,2.01,1.97
I1,14/01/2026,19:45,Inter,Lecce,1,0,H,0,0,D,21,10,7,1,11,14,11,3,2,1,0,0,1.13,9,19,1.13,8,21,1.13,8,23,1.11,8.5,23,1.15,8.25,19,1.14,8,19,1.14,8,17,1.14,9.03,20.01,1.15,9,25,1.13,8.06,20.69,1.15,10,27,1.5,2.63,1.5,2.67,1.5,2.63,1.49,2.52,1.56,2.7,-2.25,1.95,1.9,2.02,1.88,1.95,1.9,1.93,1.85,2.01,1.93,1.17,8,15,1.17,7,17,1.14,8,20,1.15,7.5,17,1.19,7.5,14.5,1.18,7.5,15,1.18,7.5,13,1.14,9.03,20.01,1.2,8,20,1.16,7.36,16.16,1.17,9,24,1.53,2.5,1.5,2.67,1.58,2.5,1.52,2.44,1.61,2.62,-2,1.98,1.88,1.74,2.17,1.98,2.05,1.85,1.93,1.96,2
I1,15/01/2026,17:30,Verona,Bologna,2,3,A,1,3,A,15,14,5,5,13,14,4,5,1,2,0,0,3.6,3.3,2.1,3.6,3.2,2.1,3.7,3.25,2.12,3.5,3.2,2.1,3.6,3.3,2.1,3.6,3.3,2.1,3.5,3.25,2.1,3.68,3.32,2.17,3.7,3.3,2.12,3.58,3.23,2.1,3.85,3.35,2.24,2.3,1.62,2.3,1.67,2.3,1.62,2.24,1.61,2.38,1.68,0.25,2.03,1.83,2.05,1.86,2.03,1.83,1.98,1.8,2.08,1.91,3.8,3.1,2.15,3.6,3.1,2.15,3.8,3.1,2.14,3.75,3.1,2.1,3.7,3,2.2,3.7,3,2.2,3.7,3,2.2,,,,3.8,3.2,2.2,3.72,3.08,2.14,4.1,3.25,2.22,2.3,1.62,,,2.33,1.65,2.25,1.61,2.48,1.67,0.25,2.03,1.83,,,2.05,1.85,1.99,1.8,2.12,1.88
I1,15/01/2026,19:45,Como,Milan,1,3,A,1,1,D,18,7,8,4,7,5,8,4,1,0,0,0,2.9,3.25,2.5,2.88,3.2,2.5,2.9,3.25,2.5,2.88,3.25,2.4,2.85,3.25,2.5,2.87,3.25,2.5,2.8,3.2,2.5,2.99,3.27,2.55,2.9,3.33,2.54,2.86,3.22,2.47,3.2,3.25,2.6,2,1.8,2.1,1.79,2.1,1.8,2.03,1.74,2.16,1.82,0,2.1,1.78,2.12,1.81,2.1,1.83,2.02,1.75,2.22,1.8,3.1,3.2,2.4,3,3.2,2.38,3.2,3.15,2.35,3,3.25,2.38,3,3.2,2.4,3,3.2,2.4,3,3.1,2.4,,,,3.2,3.25,2.4,3.08,3.16,2.37,3.35,3.25,2.52,2.1,1.73,,,2.1,1.79,2.04,1.74,2.2,1.82,0.25,1.7,2.1,,,1.79,2.1,1.75,2.04,1.84,2.17
I1,16/01/2026,19:45,Pisa,Atalanta,1,1,D,0,0,D,14,9,6,4,12,11,10,1,1,2,0,0,6.5,3.9,1.55,6,4,1.53,6.4,4.1,1.54,6,4.1,1.53,5.75,3.9,1.6,5.75,3.9,1.6,5.75,3.9,1.6,,,,6.5,4.1,1.6,6.08,3.98,1.55,7.2,4.2,1.59,1.85,2,,,1.91,2,1.86,1.89,1.93,2.04,1,1.93,1.93,,,1.93,1.93,1.87,1.91,1.96,2.02,6.25,4,1.57,6,4,1.53,6.75,4.2,1.5,6,4.1,1.53,6,4,1.57,5.75,4,1.57,5.75,4,1.57,,,,6.75,4.2,1.57,6.11,4.06,1.53,7.2,4.2,1.6,1.83,2.03,,,1.83,2.05,1.8,1.95,1.91,2.08,1,1.88,1.98,,,1.97,1.98,1.9,1.88,1.96,2.02
I1,17/01/2026,14:00,Udinese,Inter,0,1,A,0,1,A,5,14,1,5,17,11,2,5,0,1,0,0,7,4.75,1.42,7.5,4.6,1.4,8,4.5,1.41,7.5,4.75,1.4,6.75,4.75,1.44,6.5,4.8,1.44,6.5,4.6,1.44,,,,8,4.8,1.45,7.18,4.61,1.41,8.2,5,1.46,1.73,2.1,,,1.77,2.15,1.71,2.06,1.79,2.22,1.25,1.88,1.98,,,1.88,1.98,1.85,1.93,1.94,2.02,7,4.5,1.45,7,4.33,1.44,8,4.4,1.43,7,4.4,1.45,6.5,4.5,1.47,6.5,4.5,1.48,6.5,4.4,1.48,,,,8,4.5,1.5,6.87,4.37,1.46,8.4,4.7,1.49,1.8,2,,,1.8,2.05,1.76,2.01,1.85,2.14,1.25,1.75,2.05,,,1.85,2.1,1.77,2.02,1.86,2.13
I1,17/01/2026,17:00,Napoli,Sassuolo,1,0,H,1,0,H,11,21,4,4,10,11,5,4,0,3,0,0,1.48,4.33,7.5,1.44,4.2,7.5,1.41,4.6,8,1.45,4.2,7.5,1.46,4.2,7.5,1.44,4.2,7.5,1.44,4.2,7.5,,,,1.48,4.6,8,1.44,4.26,7.48,1.49,4.6,8.4,2.03,1.83,,,2.03,1.83,1.97,1.78,2.08,1.88,-1.25,2.05,1.75,,,2.1,1.81,2.02,1.76,2.16,1.81,1.42,4.33,8.5,1.44,4,8,1.42,4.4,8,1.4,4.33,8.5,1.46,4.2,7.5,1.44,4.2,7.5,1.44,4.2,7.5,,,,1.48,4.4,8.5,1.43,4.19,7.94,1.49,4.5,9.2,2.1,1.73,,,2.14,1.76,2.07,1.71,2.18,1.83,-1.25,2.03,1.83,,,2.08,1.83,2.01,1.77,2.17,1.84
I1,17/01/2026,19:45,Cagliari,Juventus,1,0,H,0,0,D,3,21,1,5,16,12,1,18,0,1,0,0,6.25,4.2,1.5,7,4,1.5,7,3.95,1.52,7,4,1.5,6.5,4.1,1.51,6.5,4.2,1.5,6.5,4,1.5,,,,7,4.2,1.53,6.65,4.03,1.5,7.4,4.3,1.56,2,1.8,,,2.1,1.8,2.02,1.74,2.1,1.88,1,1.95,1.9,,,1.95,1.9,1.9,1.88,1.99,1.96,6.5,4,1.53,7,4,1.5,7.5,4.2,1.48,7,4,1.5,6.5,4,1.53,6.5,4,1.53,6.5,3.9,1.53,,,,7.5,4.2,1.55,6.8,3.97,1.51,7.6,4.2,1.57,2.1,1.73,,,2.14,1.77,2.05,1.72,2.16,1.84,1,1.93,1.93,,,2,1.93,1.92,1.86,1.96,2
I1,18/01/2026,11:30,Parma,Genoa,0,0,D,0,0,D,14,11,2,3,13,18,7,3,3,2,0,0,2.9,2.55,3,2.88,2.8,2.8,2.85,2.8,2.9,2.8,2.7,2.88,2.8,2.87,2.8,2.8,2.87,2.8,2.8,2.87,2.8,,,,2.9,2.87,3,2.83,2.74,2.87,2.96,2.88,3.05,2.63,1.5,,,2.63,1.53,2.52,1.49,2.68,1.57,0,1.9,1.95,,,1.91,1.95,1.86,1.9,1.96,2.01,2.9,2.63,2.9,2.88,2.75,2.88,2.75,2.8,3,2.88,2.75,2.88,2.85,2.7,2.95,2.87,2.7,3,2.87,2.7,2.9,,,,2.9,2.8,3,2.84,2.73,2.9,3,2.84,3.15,2.63,1.5,,,2.7,1.53,2.55,1.48,2.9,1.52,0,1.9,1.95,,,1.91,1.95,1.87,1.89,1.94,2.02
I1,18/01/2026,14:00,Bologna,Fiorentina,1,2,A,0,2,A,18,11,3,4,14,13,7,1,3,0,0,0,2.2,3.3,3.4,2.15,3.3,3.4,2.08,3.4,3.6,2.15,3.3,3.25,2.15,3.3,3.4,2.15,3.3,3.4,2.15,3.3,3.4,,,,2.2,3.4,3.6,2.14,3.3,3.41,2.3,3.4,3.6,2,1.85,,,2.02,1.86,1.97,1.79,2.06,1.9,-0.25,1.88,1.98,,,1.88,2.02,1.82,1.96,1.96,2.01,2.38,3.3,3.1,2.38,3.3,3,2.33,3.25,3.15,2.38,3.3,3,2.35,3.3,3.1,2.3,3.3,3.1,2.3,3.25,3.1,,,,2.38,3.33,3.15,2.33,3.28,3.05,2.5,3.4,3.25,1.85,2,,,1.91,2,1.85,1.89,1.96,2.02,-0.25,2.05,1.8,,,2.05,1.84,1.98,1.8,2.13,1.87
I1,18/01/2026,17:00,Torino,Roma,0,2,A,0,1,A,8,14,4,5,13,9,2,1,2,1,0,0,3.75,3.1,2.15,3.5,3.2,2.15,3.65,3.3,2.12,3.5,3.2,2.1,3.4,3.2,2.2,3.4,3.2,2.2,3.4,3.2,2.2,,,,3.75,3.3,2.2,3.53,3.18,2.13,4.1,3.3,2.16,2.2,1.67,,,2.25,1.67,2.2,1.63,2.34,1.71,0.25,2.03,1.83,,,2.03,1.83,1.98,1.8,2.15,1.83,4.5,3.3,1.9,4.2,3.3,1.91,4.5,3.3,1.91,4.33,3.25,1.91,4.2,3.3,1.93,4.2,3.3,1.91,4.2,3.25,1.91,,,,4.75,3.3,2,4.32,3.27,1.91,4.9,3.4,1.98,2.1,1.73,,,2.1,1.75,2.08,1.71,2.24,1.79,0.5,1.93,1.93,,,1.94,1.93,1.87,1.86,2.01,1.98
I1,18/01/2026,19:45,Milan,Lecce,1,0,H,0,0,D,20,4,6,0,9,11,10,2,1,1,0,0,1.29,5,13,1.29,5,13,1.27,5.4,12.5,1.25,5.25,12,1.3,5.5,10.5,1.3,5.5,10,1.3,5.25,10,,,,1.3,5.5,13,1.27,5.21,11.59,1.31,5.6,14.5,1.91,1.91,,,1.91,1.95,1.85,1.9,1.96,1.98,-1.5,1.93,1.93,,,1.93,1.93,1.86,1.86,1.99,1.95,1.29,5.25,12,1.29,5,13,1.29,5.1,12,1.29,5,11.5,1.3,5.25,10.5,1.3,5.25,11,1.3,5.25,10,,,,1.3,5.33,13,1.28,5.11,11.56,1.33,5.6,14,1.9,1.95,,,1.91,1.95,1.87,1.88,1.98,2,-1.5,1.98,1.88,,,1.98,1.91,1.88,1.85,2.02,1.95
I1,19/01/2026,17:30,Cremonese,Verona,0,0,D,0,0,D,7,11,1,4,13,13,3,6,3,0,0,0,2.63,2.9,3.1,2.5,3,3,2.5,3,3.1,2.45,3.1,2.9,2.5,3.1,3,2.5,3.1,3,2.45,3.1,3,,,,2.63,3.1,3.1,2.49,2.99,3.03,2.64,2.98,3.3,2.38,1.57,,,2.48,1.6,2.35,1.55,2.42,1.63,-0.25,2.15,1.68,,,2.15,1.75,2.07,1.71,2.2,1.77,2.4,3,3.2,2.5,3,3,2.35,3,3.35,2.38,3.1,3.2,2.4,3,3.2,2.4,3,3.25,2.4,3,3.2,,,,2.5,3.1,3.35,2.4,3.01,3.18,2.54,3.1,3.45,2.2,1.67,,,2.25,1.68,2.2,1.63,2.3,1.76,-0.25,2.03,1.83,,,2.1,1.83,1.99,1.79,2.13,1.86
I1,19/01/2026,19:45,Lazio,Como,0,3,A,0,2,A,8,11,4,6,14,9,3,2,4,3,0,0,2.7,2.9,3,2.63,3,2.88,2.65,3.05,2.88,2.55,3.1,2.8,2.65,3,2.85,2.62,3,2.87,2.62,3,2.8,,,,2.75,3.1,3,2.65,2.94,2.87,2.84,2.96,3.15,2.38,1.57,,,2.4,1.57,2.34,1.56,2.42,1.63,0,1.83,2.03,,,1.85,2.03,1.8,1.95,1.94,2.04,3.1,2.9,2.6,3,2.88,2.6,3.25,2.8,2.6,3.13,2.88,2.55,3,2.85,2.65,3,2.87,2.62,3,2.87,2.62,,,,3.25,2.9,2.65,3.11,2.85,2.56,3.4,2.92,2.7,2.63,1.5,,,2.63,1.5,2.56,1.48,2.78,1.55,0.25,1.7,2.1,,,1.75,2.12,1.7,2.1,1.79,2.25
I1,23/01/2026,19:45,Inter,Pisa,6,2,H,3,2,H,34,8,14,3,8,11,7,5,2,3,0,0,1.18,7.5,15,1.17,7,17,1.15,7.5,20,1.15,7.5,17,1.2,7.25,13.5,1.2,7.5,13,1.2,7,13,,,,1.2,7.5,20,1.17,7.18,15.69,1.21,8.2,19,1.5,2.63,,,1.51,2.63,1.49,2.51,1.56,2.74,-2,1.93,1.93,,,1.93,1.95,1.86,1.91,2,1.96,1.25,6,11,1.25,6,11,1.24,6.25,11,1.25,5.75,10.5,1.29,6,9,1.28,6,9,1.28,6,8.5,,,,1.3,6.25,11,1.26,5.88,10.08,1.29,6.4,13,1.53,2.5,,,1.55,2.63,1.5,2.51,1.61,2.62,-1.75,2.03,1.78,,,2.03,1.92,1.94,1.84,2.17,1.84
I1,24/01/2026,14:00,Como,Torino,6,0,H,2,0,H,17,7,7,1,9,15,2,1,0,1,0,0,1.62,3.75,6,1.62,3.75,5.5,1.66,3.7,5.6,1.65,3.75,5.5,1.65,3.8,5.25,1.65,3.8,5.25,1.65,3.8,5.25,,,,1.66,3.8,6,1.63,3.72,5.51,1.69,3.85,6.4,2.1,1.73,,,2.1,1.77,2.02,1.74,2.16,1.83,-0.75,1.83,2.03,,,1.85,2.03,1.81,1.97,1.89,2.08,1.53,4.1,6.5,1.53,4,6.5,1.53,4.1,6.5,1.5,4.2,6.5,1.57,3.9,6.25,,,,,,,,,,1.57,4.2,6.66,1.52,4.01,6.43,1.59,4.1,7.6,1.88,1.98,,,1.91,1.98,1.86,1.89,1.94,2.02,-1,1.9,1.95,,,1.91,1.95,1.87,1.9,1.98,2.01
I1,24/01/2026,17:00,Fiorentina,Cagliari,1,2,A,0,1,A,15,10,3,6,11,17,8,3,2,3,0,0,1.62,3.8,5.75,1.62,3.75,5.5,1.66,3.7,5.5,1.62,3.9,5.5,1.63,3.8,5.5,,,,,,,,,,1.66,4,5.75,1.62,3.81,5.44,1.71,4,6,2,1.8,,,2,1.83,1.96,1.79,2.06,1.9,-0.75,1.8,2.05,,,1.86,2.05,1.8,1.97,1.9,2.08,1.8,3.6,4.5,1.8,3.6,4.5,1.84,3.3,4.8,1.8,3.6,4.4,1.77,3.6,4.75,,,,,,,,,,1.84,3.6,5,1.79,3.46,4.67,1.88,3.6,5.1,1.91,1.91,,,1.98,1.91,1.93,1.83,2.04,1.93,-0.5,1.83,2.03,,,1.83,2.05,1.75,2,1.88,2.12
I1,24/01/2026,19:45,Lecce,Lazio,0,0,D,0,0,D,15,6,2,1,16,6,4,1,2,1,0,0,4,3,2.1,4,3,2.1,3.85,3,2.16,3.9,3.1,2.1,3.9,3.1,2.1,,,,,,,,,,4,3.1,2.16,3.91,3.02,2.11,4.4,3.1,2.18,2.63,1.5,,,2.7,1.5,2.61,1.47,2.82,1.52,0.25,2.05,1.8,,,2.05,1.82,2,1.77,2.15,1.83,4.75,2.9,1.95,4.33,3,2,4.75,2.88,2.02,4.4,3,2,4.4,2.95,2,,,,,,,,,,4.75,3,2.05,4.5,2.93,2,4.9,3.1,2.1,3,1.4,,,3,1.4,2.9,1.39,3.05,1.47,0.5,1.85,2,,,1.85,2,1.79,1.94,1.89,2.11
I1,25/01/2026,11:30,Sassuolo,Cremonese,1,0,H,1,0,H,13,10,7,4,13,14,3,5,1,2,0,0,1.91,3.4,4.2,1.95,3.3,4,1.91,3.4,4.25,1.91,3.3,4,1.93,3.3,4.1,,,,,,,,,,1.95,3.4,4.25,1.91,3.31,4.13,2.02,3.4,4.5,2.2,1.67,,,2.2,1.73,2.11,1.69,2.26,1.76,-0.5,1.93,1.93,,,1.93,1.93,1.88,1.86,2.02,1.96,2,3.3,4,2.05,3.2,3.75,2.1,3.05,4.1,2,3.13,4.2,2,3.1,4.1,,,,,,,,,,2.1,3.3,4.2,2.04,3.1,4.02,2.12,3.25,4.4,2.3,1.62,,,2.36,1.62,2.28,1.6,2.42,1.69,-0.5,2.03,1.83,,,2.03,1.83,1.97,1.77,2.12,1.87
I1,25/01/2026,14:00,Atalanta,Parma,4,0,H,2,0,H,21,15,9,2,14,8,6,9,1,0,0,0,1.42,4.5,7.5,1.4,4.6,7.5,1.4,4.6,8.5,1.4,4.5,7.5,1.43,4.6,7,,,,,,,,,,1.43,4.75,8.5,1.4,4.54,7.65,1.44,4.9,8.6,1.73,2.1,,,1.73,2.1,1.71,2.08,1.81,2.16,-1.25,1.95,1.9,,,1.95,1.9,1.9,1.87,1.97,1.96,1.33,4.75,9.5,1.33,5,9.5,1.34,4.9,9.5,1.33,4.8,9.5,1.36,5,8.5,,,,,,,,,,1.36,5.25,10,1.33,4.9,9.22,1.36,5.7,11,1.83,2.03,,,1.83,2.15,1.75,2.03,1.87,2.12,-1.5,2.05,1.8,,,2.05,1.86,1.98,1.77,2.16,1.85
I1,25/01/2026,14:00,Genoa,Bologna,3,2,H,0,1,A,8,13,6,3,14,17,5,2,2,2,0,1,3,3,2.6,2.88,3,2.6,2.9,3,2.65,2.88,3.1,2.5,2.9,3.1,2.5,,,,,,,,,,3.1,3.1,2.65,2.93,3,2.56,3.2,3.1,2.7,2.38,1.57,,,2.43,1.6,2.38,1.55,2.44,1.65,0,2.1,1.78,,,2.1,1.83,2.01,1.75,2.17,1.82,3.25,3,2.4,3.1,3.1,2.4,3.3,3,2.4,3.25,3,2.4,3.2,2.95,2.45,,,,,,,,,,3.33,3.1,2.45,3.23,2.98,2.4,3.5,3.15,2.48,2.38,1.57,,,2.42,1.57,2.37,1.55,2.48,1.66,0.25,1.8,2.05,,,1.83,2.05,1.79,2,1.9,2.09
I1,25/01/2026,17:00,Juventus,Napoli,3,0,H,1,0,H,12,9,6,1,21,11,2,2,1,2,0,0,2.05,3.2,4,2.05,3.1,4,2.05,3.1,4.1,2.05,3.1,3.8,2.1,3.1,3.7,,,,,,,,,,2.1,3.2,4.1,2.06,3.08,3.9,2.14,3.2,4.3,2.63,1.5,,,2.63,1.53,2.53,1.49,2.68,1.57,-0.5,2.05,1.8,,,2.05,1.8,2.01,1.72,2.14,1.86,1.85,3.1,4.75,1.91,3.2,4.33,1.96,3.1,4.5,1.91,3.13,4.6,1.93,3.1,4.6,,,,,,,,,,1.96,3.2,4.75,1.91,3.12,4.57,1.96,3.35,5.2,2.5,1.53,,,2.5,1.57,2.41,1.54,2.56,1.63,-0.5,1.9,1.95,,,1.9,1.95,1.86,1.87,1.96,2.03
I1,25/01/2026,19:45,Roma,Milan,1,1,D,0,0,D,15,5,7,2,15,11,5,3,0,4,0,0,2.63,3.1,2.88,2.63,3.1,2.8,2.55,3.1,3,2.6,3,2.8,2.65,3.1,2.8,,,,,,,,,,2.7,3.1,3,2.62,3,2.87,2.82,3.1,3,2.2,1.67,,,2.2,1.67,2.17,1.65,2.28,1.73,0,1.85,2,,,1.85,2,1.8,1.95,1.91,2.04,2.63,2.9,3,2.63,3,2.88,2.75,3.05,2.85,2.63,3,2.9,2.6,2.9,3,,,,,,,,,,2.75,3.05,3,2.66,2.95,2.89,2.8,3,3.2,2.2,1.67,,,2.2,1.73,2.12,1.69,2.32,1.75,0,1.8,2.05,,,1.85,2.05,1.8,1.96,1.86,2.13
I1,26/01/2026,19:45,Verona,Udinese,1,3,A,1,1,D,7,20,4,7,8,11,3,8,2,0,0,0,2.8,3,2.8,2.75,3,2.8,2.75,3,2.8,2.7,3,2.7,2.65,3.2,2.7,,,,,,,,,,2.8,3.2,2.82,2.72,2.99,2.75,2.98,3,2.88,2.63,1.5,,,2.63,1.53,2.49,1.51,2.6,1.58,0,1.93,1.93,,,1.95,1.95,1.88,1.88,2,1.94,2.9,2.9,2.7,2.88,2.88,2.75,2.95,2.9,2.7,2.9,2.88,2.7,2.9,2.9,2.7,,,,,,,,,,3,2.9,2.75,2.92,2.86,2.69,3.1,2.96,2.9,2.63,1.5,,,2.63,1.52,2.57,1.48,2.82,1.54,0,2.03,1.83,,,2.03,1.83,1.97,1.8,2.06,1.92
I1,30/01/2026,19:45,Lazio,Genoa,3,2,H,0,0,D,14,16,4,4,12,12,5,3,2,3,0,0,2.2,2.88,4,2.15,3,3.75,2.12,2.85,4.25,2.15,3,3.8,2.15,2.95,4,2.15,3,4,2.1,3,3.9,,,,2.2,3,4.25,2.14,2.93,3.94,2.24,3.05,4.3,3,1.4,,,3,1.45,2.77,1.42,2.98,1.49,-0.25,1.85,2,,,1.85,2.04,1.79,1.99,1.88,2.11,2.25,2.9,3.7,2.25,3,3.6,2.23,2.8,4,2.2,2.88,3.9,2.25,2.9,3.6,,,,,,,,,,2.28,3,4,2.23,2.87,3.77,2.32,3,4,2.75,1.44,,,2.9,1.48,2.72,1.43,2.92,1.51,-0.25,1.93,1.93,,,1.93,1.96,1.85,1.93,1.95,2.04
I1,31/01/2026,14:00,Pisa,Sassuolo,1,3,A,0,2,A,15,21,6,5,13,8,2,5,3,3,0,0,2.9,3.1,2.55,2.8,3.1,2.6,2.88,3.05,2.7,2.8,3.2,2.55,2.8,3.1,2.6,,,,,,,,,,3,3.2,2.7,2.85,3.06,2.59,3.1,3.2,2.68,2.2,1.67,,,2.25,1.67,2.2,1.64,2.36,1.71,0,2.05,1.8,,,2.05,1.85,1.98,1.79,2.13,1.85,3.2,3.1,2.4,3,3.1,2.5,3.05,3.05,2.48,3,3.2,2.4,3,3,2.5,,,,,,,,,,3.2,3.2,2.5,3.06,3.08,2.43,3.35,3.15,2.6,2.3,1.62,,,2.3,1.65,2.24,1.62,2.42,1.69,0.25,1.8,2.05,,,1.81,2.1,1.75,2.04,1.82,2.19
I1,31/01/2026,17:00,Napoli,Fiorentina,2,1,H,1,0,H,19,15,6,5,21,13,4,4,1,1,0,0,1.8,3.4,5,1.8,3.5,4.6,1.77,3.5,4.9,1.8,3.6,4.5,1.77,3.7,4.5,,,,,,,,,,1.83,3.7,5.33,1.78,3.46,4.78,1.88,3.6,5.2,2,1.8,,,2.05,1.8,2,1.77,2.12,1.86,-0.75,2.05,1.8,,,2.05,1.83,1.99,1.78,2.15,1.85,1.91,3.2,4.33,1.95,3.3,4,1.89,3.35,4.5,1.9,3.25,4.4,1.95,3.2,4.33,1.95,3.2,4.33,1.95,3.1,4.33,,,,2,3.35,4.5,1.92,3.22,4.3,1.99,3.3,5.1,2.2,1.67,,,2.2,1.72,2.13,1.68,2.26,1.77,-0.5,1.95,1.9,,,1.95,1.9,1.89,1.84,2,1.98
I1,31/01/2026,19:45,Cagliari,Verona,4,0,H,2,0,H,13,9,7,3,9,14,6,3,0,2,0,1,2.2,3,3.8,2.2,3,3.6,2.18,3,3.8,2.15,3.13,3.6,2.2,3,3.6,,,,,,,,,,2.2,3.13,4,2.18,2.99,3.71,2.32,3.05,4,2.5,1.53,,,2.55,1.53,2.49,1.51,2.7,1.57,-0.25,1.85,2,,,1.85,2,1.82,1.95,1.94,2.04,2.15,3,3.75,2.2,3,3.6,2.15,2.95,4,2.15,3.13,3.6,2.2,3,3.6,,,,,,,,,,2.25,3.13,4,2.18,2.98,3.74,2.32,3.05,4,2.5,1.53,,,2.5,1.55,2.44,1.53,2.62,1.6,-0.25,1.85,2,,,1.85,2,1.81,1.96,1.95,2.03
I1,01/02/2026,11:30,Torino,Lecce,1,0,H,1,0,H,17,14,5,2,14,12,3,8,2,2,0,0,1.95,3.1,4.5,1.95,3.1,4.33,1.95,3.05,4.7,1.95,3.13,4.1,1.95,3.1,4.5,,,,,,,,,,2,3.13,4.75,1.95,3.05,4.43,2.06,3.15,4.8,2.63,1.5,,,2.63,1.53,2.52,1.5,2.72,1.56,-0.5,1.98,1.88,,,1.98,1.88,1.92,1.82,2.06,1.91,2.05,2.75,3.8,2.15,3,3.75,2.12,2.9,4.25,2.15,2.88,4.1,2.15,2.95,4,,,,,,,,,,2.15,3,4.25,2.12,2.88,4.05,2.24,3,4.4,2.63,1.5,,,2.63,1.53,2.56,1.49,2.72,1.57,-0.25,1.8,2.05,,,1.83,2.06,1.77,2.02,1.86,2.13
I1,01/02/2026,14:00,Como,Atalanta,0,0,D,0,0,D,28,6,9,2,9,11,7,1,4,3,0,1,2.35,3.25,3.2,2.3,3.3,3.1,2.38,3.2,3.1,2.3,3.3,3,2.25,3.4,3.1,,,,,,,,,,2.38,3.4,3.2,2.32,3.27,3.06,2.48,3.35,3.25,1.91,1.91,,,1.95,1.91,1.91,1.85,2,1.95,-0.25,2.03,1.83,,,2.03,1.85,1.98,1.79,2.12,1.88,2.35,3.25,3.2,2.25,3.25,3.2,2.23,3.25,3.45,2.3,3.4,3.1,2.3,3.3,3.1,,,,,,,,,,2.38,3.4,3.45,2.3,3.24,3.17,2.38,3.4,3.45,2.03,1.83,,,2.05,1.83,1.98,1.8,2.06,1.92,-0.25,2.03,1.83,,,2.03,1.92,1.93,1.85,2.01,1.95
I1,01/02/2026,17:00,Cremonese,Inter,0,2,A,0,2,A,9,15,3,4,19,14,1,6,3,0,0,0,11,5,1.3,10,5.5,1.29,10.5,5.4,1.29,10.5,5.5,1.25,9.5,5.5,1.31,9.5,5.5,1.3,9.5,5.25,1.3,,,,11,5.8,1.31,10.14,5.38,1.28,12,6,1.32,1.67,2.2,,,1.67,2.25,1.63,2.2,1.72,2.32,1.5,1.98,1.88,,,1.98,1.91,1.9,1.83,2.02,1.94,11,4.75,1.22,13,6,1.22,13,6.1,1.23,13,6,1.22,11,5.75,1.27,,,,,,,,,,13,6.1,1.27,12.08,5.8,1.23,15.5,6.4,1.27,1.67,2.2,,,1.68,2.3,1.63,2.22,1.74,2.3,1.75,1.83,2.03,,,1.89,2.03,1.84,1.94,1.92,2.05
I1,01/02/2026,19:45,Parma,Juventus,1,4,A,0,2,A,10,15,4,8,10,13,5,3,1,3,0,0,7.5,4.33,1.45,7.5,4.2,1.44,7.5,4.35,1.44,7.5,4.33,1.4,6.5,4.2,1.5,,,,,,,,,,7.5,4.5,1.5,7.14,4.3,1.44,8,4.7,1.48,1.91,1.91,,,1.95,1.91,1.91,1.84,2.06,1.87,1,2.08,1.73,,,2.08,1.83,2.05,1.72,2.15,1.82,8.5,4.5,1.4,9,4.33,1.4,9.5,4.7,1.36,9,4.6,1.36,8,4.5,1.42,8,4.5,1.44,7.5,4.4,1.4,,,,9.5,4.7,1.44,8.61,4.48,1.38,9.8,4.9,1.43,2,1.8,,,2,1.87,1.94,1.81,2.12,1.87,1.25,1.9,1.95,,,1.94,1.95,1.89,1.89,1.95,2.01
I1,02/02/2026,19:45,Udinese,Roma,1,0,H,0,0,D,8,10,4,3,18,17,4,7,5,4,0,0,4.33,3.4,1.91,4,3.3,1.95,4.35,3.35,1.9,4.1,3.3,1.87,3.9,3.25,2,,,,,,,,,,4.35,3.4,2,4.11,3.32,1.91,4.8,3.45,1.94,2.2,1.67,,,2.2,1.67,2.17,1.65,,,0.5,1.95,1.9,,,1.95,1.95,1.85,1.88,,,4.33,3.2,1.95,4.33,3.1,1.95,4.6,3.1,1.94,4.2,3.25,1.95,4.2,3.1,2,,,,,,,,,,4.6,3.25,2,4.35,3.12,1.95,4.8,3.25,2.04,2.5,1.53,,,2.5,1.55,2.47,1.52,2.66,1.59,0.5,1.88,1.98,,,1.88,1.98,1.82,1.92,1.94,2.04
I1,03/02/2026,19:45,Bologna,Milan,0,3,A,0,2,A,13,10,2,3,14,10,5,0,3,0,0,0,2.9,3.25,2.5,3,3.1,2.5,3,3.15,2.55,2.9,3.25,2.45,2.9,3.2,2.5,2.9,3.2,2.5,2.9,3.1,2.5,,,,3,3.25,2.6,2.94,3.12,2.5,3.1,3.25,2.68,2.1,1.73,,,2.15,1.73,2.1,1.69,2.24,1.78,0,2.05,1.8,,,2.05,1.8,2.02,1.75,2.15,1.84,3.2,3.1,2.4,3,3.1,2.5,3.1,3.1,2.45,3.13,3.1,2.38,3,3.1,2.5,,,,,,,,,,3.2,3.14,2.5,3.06,3.09,2.44,3.3,3.15,2.58,2.2,1.67,,,2.2,1.75,2.09,1.7,2.28,1.77,0.25,1.8,2.05,,,1.8,2.1,1.76,2.04,1.82,2.19
I1,06/02/2026,19:45,Verona,Pisa,0,0,D,0,0,D,4,11,0,3,13,16,8,4,1,2,0,0,2.55,3,3,2.5,3,3,2.38,3.1,3.25,2.55,2.9,3.1,2.45,3,3.1,,,,,,,,,,2.6,3.1,3.25,2.49,2.97,3.1,2.66,3.1,3.2,2.38,1.57,,,2.45,1.58,2.37,1.55,2.54,1.64,-0.25,2.15,1.68,,,2.15,1.8,2.06,1.73,2.24,1.8,2.5,2.9,3.2,2.5,3,3,2.63,2.8,3.2,2.5,3,3.1,2.55,2.87,3.1,,,,,,,,,,2.63,3,3.25,2.54,2.88,3.12,2.74,2.96,3.3,2.5,1.53,,,2.5,1.57,2.44,1.53,2.7,1.58,-0.25,2.13,1.75,,,2.15,1.75,2.1,1.71,2.29,1.76
I1,07/02/2026,17:00,Genoa,Napoli,2,3,A,1,2,A,12,14,3,5,16,12,4,3,2,4,0,1,4.5,3.2,1.95,4.2,3.2,1.95,4.6,3.25,1.91,4.4,3.2,1.93,4.33,3.3,1.9,,,,,,,,,,4.6,3.3,1.95,4.42,3.21,1.91,5,3.25,2,2.63,1.5,,,2.63,1.53,2.52,1.5,2.66,1.58,0.5,1.9,1.95,,,1.9,1.95,1.86,1.87,1.98,2,4.1,3,2.1,4.2,3,2.05,4.4,2.95,2.04,3.7,3.1,2.05,4.33,3,2,,,,,,,,,,4.4,3.1,2.1,4.13,2.99,2.05,4.5,3.1,2.16,2.63,1.5,,,2.7,1.5,2.64,1.46,2.9,1.52,0.5,1.73,2.08,,,1.83,2.08,1.75,2,1.84,2.16
I1,07/02/2026,19:45,Fiorentina,Torino,2,2,D,0,1,A,21,12,5,4,6,23,9,4,2,5,0,0,1.75,3.75,4.75,1.8,3.6,4.6,1.76,3.55,4.9,1.73,3.7,4.75,1.77,3.6,4.6,,,,,,,,,,1.8,3.75,4.9,1.75,3.63,4.7,1.76,3.85,5.5,1.93,1.93,,,1.93,1.93,1.9,1.86,2,1.96,-0.75,1.98,1.88,,,2,1.88,1.95,1.83,1.99,1.97,1.73,3.75,5,1.67,3.75,5,1.67,3.75,5.4,1.7,3.9,4.6,1.7,3.8,4.75,,,,,,,,,,1.73,3.9,5.4,1.69,3.76,4.93,1.75,3.95,5.5,1.8,2,,,1.95,2.05,1.81,1.96,1.87,2.12,-0.75,1.9,1.95,,,1.9,2,1.85,1.92,1.95,2.02
I1,08/02/2026,11:30,Bologna,Parma,0,1,A,0,0,D,16,5,2,1,10,14,4,5,1,3,1,1,1.6,3.9,5.75,1.6,4,5.5,1.55,4.1,6,1.6,3.75,5.5,1.6,4,5.75,,,,,,,,,,1.62,4.1,6,1.59,3.91,5.63,1.65,4.1,6.2,2.03,1.83,,,2.03,1.83,1.95,1.8,2.08,1.88,-1,2.1,1.78,,,2.1,1.84,2.01,1.77,2.17,1.81,1.62,3.9,5.5,1.62,3.75,5.5,1.64,3.8,5.6,1.6,3.9,5.5,1.62,3.9,5.5,,,,,,,,,,1.64,4,5.6,1.62,3.84,5.45,1.68,4,6.2,1.98,1.88,,,2.15,1.91,1.94,1.83,2.04,1.95,-0.75,1.8,2.05,,,1.83,2.05,1.79,1.99,1.86,2.13
I1,08/02/2026,14:00,Lecce,Udinese,2,1,H,1,1,D,16,6,5,1,9,21,7,0,1,2,0,0,3.1,2.88,2.63,3.1,3,2.5,3.05,2.88,2.65,3,2.88,2.55,3.1,2.87,2.55,,,,,,,,,,3.1,3,2.75,3.04,2.86,2.59,3.2,2.98,2.8,2.75,1.44,,,2.88,1.5,2.75,1.42,3,1.47,0,2.1,1.78,,,2.1,1.8,2.03,1.75,2.13,1.87,2.88,2.75,2.9,2.88,2.8,2.8,2.95,2.7,2.9,2.8,2.88,2.8,2.9,2.7,2.9,,,,,,,,,,2.95,2.88,2.9,2.87,2.76,2.86,3,2.88,3.05,3.2,1.36,,,3.2,1.44,2.95,1.38,3.1,1.46,0,1.9,1.95,,,1.91,1.95,1.87,1.88,1.97,2
I1,08/02/2026,17:00,Sassuolo,Inter,0,5,A,0,2,A,7,23,2,11,6,10,5,6,2,1,1,0,7.5,4.5,1.44,7,4.33,1.44,7.5,4.5,1.43,7,4.33,1.44,6.5,4.5,1.47,,,,,,,,,,7.5,4.6,1.48,6.87,4.42,1.44,8,4.7,1.48,1.8,2,,,1.8,2.07,1.76,2.01,1.86,2.1,1.25,1.83,2.03,,,1.85,2.03,1.79,1.98,1.87,2.07,6.5,4.5,1.48,7,4.5,1.44,8,4.7,1.4,7.5,4.5,1.4,6.75,4.5,1.46,6.5,4.4,1.48,6.5,4.4,1.48,,,,8,4.75,1.48,7.15,4.5,1.43,8.6,4.9,1.46,1.73,2.1,,,1.75,2.1,1.73,2.05,1.81,2.2,1.25,1.8,2.05,,,1.9,2.05,1.84,1.94,1.9,2.09
I1,08/02/2026,19:45,Juventus,Lazio,2,2,D,0,1,A,34,9,8,2,10,4,8,1,0,2,0,0,1.48,4.2,7.5,1.44,4,8,1.46,4.1,8,1.44,4,7.5,1.47,4.1,7.25,,,,,,,,,,1.48,4.33,8,1.45,4.09,7.57,1.48,4.4,9.2,2.1,1.73,,,2.15,1.73,2.1,1.7,2.24,1.76,-1,1.8,2.05,,,1.83,2.05,1.77,2,1.83,2.13,1.42,4.5,8.5,1.4,4.2,9,1.36,4.6,10,1.4,4.4,8.5,1.42,4.5,7.75,,,,,,,,,,1.42,4.6,10,1.39,4.37,8.65,1.43,4.8,10,2.1,1.73,,,2.1,1.8,2.05,1.74,2.14,1.86,-1.25,2,1.85,,,2,1.91,1.94,1.84,2.09,1.89

